# PEQ zone atmosphere snapshot, 2026-09-26 dump, schema 9328.
# Source: https://db.eqemu.dev/api/v1/dump/latest
# Columns: short_name version zone_id (red green blue fog_start fog_end)x4 fog_density minclip maxclip sky ztype time_type castoutdoor timezone
# Four fog sets match EQEmu NewZone: unsuffixed, suffix2, suffix3, suffix4. RGB is byte sRGB; distances are EQ units.
# Live server NewZone overrides this offline fallback.
abysmal 0 279 64 0 128 10 1600 64 0 128 10 600 64 0 128 10 600 64 0 128 10 600 0.33 50 1600 0 0 2 1 0
acrylia 0 154 50 50 50 450 1050 50 50 50 450 650 50 50 50 450 650 50 50 50 450 650 0.33 50 1050 0 255 0 0 0
airplane 0 71 0 0 0 500 2000 0 0 0 500 2000 0 0 0 500 2000 0 0 0 500 2000 0.33 50 2000 1 255 5 1 0
akanon 0 55 30 60 30 10 1000 30 60 30 10 600 30 60 30 10 600 30 60 30 10 600 0.33 50 1000 0 255 3 1 0
akheva 0 179 1 1 1 500 1300 1 1 1 500 800 1 1 1 500 800 1 1 1 500 800 0.33 50 1300 0 255 0 0 0
alkabormare 0 709 200 200 220 600 2400 200 200 220 600 2400 200 200 220 600 2400 200 200 220 600 2400 0.33 50 2400 1 255 1 1 0
anguish 0 317 100 10 10 300 1800 100 10 10 300 1800 100 10 10 300 1800 100 10 10 300 1800 0.33 50 1800 1 0 5 1 0
apprentice 0 999 0 0 0 450 450 0 0 0 450 450 0 0 0 450 450 0 0 0 450 450 0.1 450 450 1 1 2 1 0
arcstone 0 369 230 200 200 350 4500 230 200 200 350 4500 230 200 200 350 4500 230 200 200 350 4500 0.33 500 4500 1 1 1 1 0
arelis 0 725 200 200 220 100 3000 200 200 220 100 3000 200 200 220 100 3000 200 200 220 100 3000 0.33 50 3000 1 255 1 1 0
arena 0 77 100 100 100 10 1800 100 100 100 10 1800 100 100 100 10 1800 100 100 100 10 1800 0.33 50 1800 1 255 2 1 0
arena2 0 180 0 0 0 500 2000 0 0 0 500 2000 0 0 0 500 2000 0 0 0 500 2000 0.1 1500 2000 0 255 2 1 0
argath 0 724 200 200 220 100 3000 200 200 220 100 3000 200 200 220 100 3000 200 200 220 100 3000 0.33 50 3000 1 255 2 1 0
arthicrex 0 485 0 0 0 0 3000 0 0 0 0 3000 0 0 0 0 3000 0 0 0 0 3000 0.33 50 3100 1 255 0 1 0
arttest 0 996 0 0 0 500 2000 0 0 0 500 2000 0 0 0 500 2000 0 0 0 500 2000 0.1 1500 2000 0 255 2 1 0
ashengate 0 406 200 200 220 600 2400 200 200 220 600 2400 200 200 220 600 2400 200 200 220 600 2400 0.33 50 2400 1 255 0 1 0
atiiki 0 418 200 200 220 600 2400 200 200 220 600 2400 200 200 220 600 2400 200 200 220 600 2400 0.33 300 2400 1 255 0 1 0
aviak 0 53 0 0 0 450 450 0 0 0 450 450 0 0 0 450 450 0 0 0 450 450 0.1 450 450 1 1 2 1 0
barindu 0 283 50 10 10 10 1600 50 10 10 10 1600 50 10 10 10 1600 50 10 10 10 1600 0.33 50 1600 1 0 1 1 0
barren 0 422 200 200 220 600 2400 200 200 220 600 2400 200 200 220 600 2400 200 200 220 600 2400 0.33 50 2400 1 255 1 1 0
barter 0 346 0 0 0 450 450 0 0 0 450 450 0 0 0 450 450 0 0 0 450 450 0.1 450 450 1 1 2 1 0
bazaar 0 151 50 50 50 200 400 0 0 0 450 450 0 0 0 450 450 0 0 0 450 450 0 100 400 0 1 3 0 0
bazaar 1 151 50 50 50 200 1400 50 50 50 200 400 50 50 50 200 400 50 50 50 200 400 0.33 50 1400 0 255 2 1 0
beastdomain 0 728 200 200 220 100 2500 200 200 220 100 2500 200 200 220 100 2500 200 200 220 100 2500 0.33 382 2500 1 255 1 1 0
befallen 0 36 0 0 30 10 800 0 0 30 10 200 0 0 30 10 200 0 0 30 10 200 0.33 50 800 0 0 0 0 0
befallenb 0 411 0 0 0 10 3000 0 0 0 450 450 0 0 0 10 3000 0 0 0 450 450 0.1 450 3000 1 1 2 1 0
beholder 0 16 240 180 150 10 600 240 180 150 10 600 240 180 150 10 600 240 180 150 10 600 0.1 600 1400 1 0 2 1 0
bertoxtemple 0 469 35 45 0 80 800 35 45 0 80 300 35 45 0 80 300 35 45 0 80 300 0.33 50 800 0 255 0 1 0
blackburrow 0 17 50 100 90 100 1000 50 100 90 100 700 50 100 90 100 700 50 100 90 100 700 0.33 50 1000 1 255 5 1 0
blacksail 0 428 200 200 220 300 1000 200 200 220 300 1000 200 200 220 300 1000 200 200 220 300 1000 0.33 300 1000 1 255 1 1 0
bloodfields 0 301 25 75 25 200 1600 25 75 25 200 1600 25 75 5 200 1600 25 75 25 200 1600 0.33 50 1600 1 255 1 1 0
bloodmoon 0 445 50 50 50 50 1000 50 50 50 50 600 50 50 50 50 600 50 50 50 50 600 0.33 150 1000 0 255 0 1 0
bothunder 0 209 30 30 30 200 1700 30 30 30 200 700 30 30 30 200 700 30 30 30 200 700 0.33 50 1700 0 255 1 1 0
breedinggrounds 0 757 0 0 0 0 1000 0 0 0 0 800 0 0 0 0 800 0 0 0 0 800 0.33 500 1000 0 0 0 1 0
brellsarena 0 492 0 0 0 100 3000 0 0 0 100 3000 0 0 0 100 3000 0 0 0 100 3000 0.33 200 3500 1 255 0 1 0
brellsrest 0 480 20 100 150 100 15000 20 100 150 100 15000 20 100 150 100 15000 20 100 150 100 15000 0.33 100 9999 0 255 1 1 0
brellstemple 0 490 30 25 10 100 1200 30 25 10 100 1200 30 25 10 100 1200 30 25 10 100 1200 0.33 50 1200 0 255 0 1 0
broodlands 0 337 25 75 25 300 3000 25 75 25 300 3000 25 75 25 300 3000 25 75 25 300 3000 0.1 300 1800 1 255 1 1 0
buriedsea 0 423 200 200 220 300 3000 200 200 220 300 1200 200 200 220 300 1200 200 200 220 300 1200 0.33 300 3000 1 255 1 1 0
burningwood 0 87 235 235 235 10 1500 235 235 235 10 800 235 235 235 10 800 235 235 235 10 800 0.33 50 1500 0 255 1 1 0
butcher 0 68 150 170 140 1000 2400 150 170 140 1000 2400 150 170 140 1000 2400 150 170 140 1000 2400 0.33 50 2400 1 255 1 1 0
cabeast 0 106 150 120 80 10 1000 150 120 80 10 500 150 120 80 10 500 150 120 80 10 500 0.33 50 1000 0 255 2 1 0
cabwest 0 82 150 120 80 10 1800 150 120 80 10 500 150 120 80 10 500 150 120 80 10 500 0.33 50 1800 0 255 2 1 0
cauldron 0 70 100 100 140 10 1800 100 100 140 10 1800 100 100 140 10 1800 100 100 140 10 1800 0.33 50 1800 1 0 1 1 0
causeway 0 303 25 75 25 500 1800 25 75 25 500 1800 25 75 25 500 1800 25 75 25 500 1800 0.33 50 1800 1 255 1 1 0
cazicthule 0 48 50 80 20 10 1450 50 80 20 10 450 50 80 20 10 450 50 80 20 10 450 0.33 50 1450 1 0 5 1 0
chambersa 0 304 0 100 255 10 300 0 100 255 10 300 0 100 255 10 300 0 100 255 10 300 0.2 450 2000 2 255 2 1 0
chambersa 1 304 0 100 255 10 300 0 100 255 10 300 0 100 255 10 300 0 100 255 10 300 0.2 450 2000 2 255 2 1 0
chambersa 2 304 0 100 255 10 300 0 100 255 10 300 0 100 255 10 300 0 100 255 10 300 0.2 450 2000 2 255 2 1 0
chambersb 0 305 0 100 255 10 300 0 100 255 10 300 0 100 255 10 300 0 100 255 10 300 0.2 450 2000 2 255 2 1 0
chambersb 1 305 0 100 255 10 300 0 100 255 10 300 0 100 255 10 300 0 100 255 10 300 0.2 450 2000 2 255 2 1 0
chambersb 2 305 0 100 255 10 300 0 100 255 10 300 0 100 255 10 300 0 100 255 10 300 0.2 450 2000 2 255 2 1 0
chambersc 0 306 0 100 255 10 300 0 100 255 10 300 0 100 255 10 300 0 100 255 10 300 0.2 450 2000 2 255 2 1 0
chambersc 1 306 0 100 255 10 300 0 100 255 10 300 0 100 255 10 300 0 100 255 10 300 0.2 450 2000 2 255 2 1 0
chambersc 2 306 0 100 255 10 300 0 100 255 10 300 0 100 255 10 300 0 100 255 10 300 0.2 450 2000 2 255 2 1 0
chambersd 0 307 0 100 255 10 300 0 100 255 10 300 0 100 255 10 300 0 100 255 10 300 0.2 450 2000 2 255 2 1 0
chambersd 1 307 0 100 255 10 300 0 100 255 10 300 0 100 255 10 300 0 100 255 10 300 0.2 450 2000 2 255 2 1 0
chambersd 2 307 0 100 255 10 300 0 100 255 10 300 0 100 255 10 300 0 100 255 10 300 0.2 450 2000 2 255 2 1 0
chamberse 0 308 0 100 255 10 300 0 100 255 10 300 0 100 255 10 300 0 100 255 10 300 0.2 450 2000 2 255 2 1 0
chamberse 1 308 0 100 255 10 300 0 100 255 10 300 0 100 255 10 300 0 100 255 10 300 0.2 450 2000 2 255 2 1 0
chamberse 2 308 0 100 255 10 300 0 100 255 10 300 0 100 255 10 300 0 100 255 10 300 0.2 450 2000 2 255 2 1 0
chambersf 0 309 0 100 255 10 300 0 100 255 10 300 0 100 255 10 300 0 100 255 10 300 0.2 450 2000 2 255 2 1 0
chambersf 1 309 0 100 255 10 300 0 100 255 10 300 0 100 255 10 300 0 100 255 10 300 0.2 450 2000 2 255 2 1 0
chambersf 2 309 0 100 255 10 300 0 100 255 10 300 0 100 255 10 300 0 100 255 10 300 0.2 450 2000 2 255 2 1 0
chapterhouse 0 760 200 200 220 100 3000 200 200 220 100 3000 200 200 220 100 3000 200 200 220 100 3000 0.33 500 3000 1 255 0 1 0
charasis 0 105 160 180 200 50 1400 160 180 200 50 1400 160 180 200 50 1400 160 180 200 50 1400 0.33 50 1400 0 255 0 0 0
chardok 0 103 90 53 6 30 1000 90 53 6 30 600 90 53 6 30 600 90 53 6 30 600 0.33 50 1000 0 255 0 0 0
chardokb 0 277 90 53 6 30 800 90 53 6 30 800 90 53 6 30 800 90 53 6 30 800 0.33 50 800 0 255 0 0 0
citymist 0 90 90 110 60 50 275 90 110 60 50 275 90 110 40 50 275 90 110 60 50 275 0.33 200 400 0 255 2 1 0
citymist 1 90 90 110 60 10 800 90 110 60 10 300 90 110 40 10 300 90 110 60 10 300 0.33 50 800 0 255 2 1 0
cityofbronze 0 732 200 200 220 100 3000 200 200 220 100 3000 200 200 220 100 3000 200 200 220 100 3000 0.33 50 3000 1 255 2 1 0
clz 0 190 0 0 0 450 450 0 0 0 450 450 0 0 0 450 450 0 0 0 450 450 0.1 450 450 1 1 2 1 0
cobaltscar 0 117 180 180 180 10 1800 180 180 180 10 1800 180 180 180 10 1800 180 180 180 10 1800 0.33 50 1800 0 255 1 1 0
codecay 0 200 25 40 5 50 1400 25 40 5 50 400 25 40 5 50 400 25 40 5 50 400 0.33 50 1400 0 255 0 0 0
commonlands 0 408 200 200 220 600 2400 200 200 220 600 2400 200 200 220 600 2400 200 200 220 600 2400 0.33 50 2400 1 255 1 1 0
commons 0 21 200 200 220 10 800 200 200 220 10 800 200 200 220 10 800 200 200 220 10 800 0.1 600 1400 1 255 2 1 0
convorteum 0 491 0 0 0 0 5000 0 0 0 0 5000 0 0 0 0 5000 0 0 0 0 5000 0.33 50 5000 0 255 0 1 0
coolingchamber 0 483 0 0 0 100 1200 0 0 0 100 1200 0 0 0 100 1200 0 0 0 100 1200 0.33 50 1200 0 255 0 1 0
corathus 0 365 100 100 140 300 1800 100 100 140 300 1800 100 100 140 300 1800 100 100 140 300 1800 0.33 50 1800 0 255 1 1 0
corathusa 0 366 100 100 140 300 1800 100 100 140 300 1800 100 100 140 300 1800 100 100 140 300 1800 0.33 50 1800 0 255 0 1 0
corathusa 1 366 100 100 140 300 450 0 0 0 450 450 0 0 0 450 450 0 0 0 450 450 0.33 50 1800 0 0 2 1 0
corathusa 2 366 100 100 140 300 450 0 0 0 450 450 0 0 0 450 450 0 0 0 450 450 0.33 50 1800 0 0 2 1 0
corathusb 0 367 100 100 140 300 1800 100 100 140 300 1800 100 100 140 300 1800 100 100 140 300 1800 0.33 50 1800 0 255 0 1 0
corathusb 1 367 100 100 140 300 450 0 0 0 450 450 0 0 0 450 450 0 0 0 450 450 0.33 50 1800 0 0 2 1 0
corathusb 2 367 100 100 140 300 450 0 0 0 450 450 0 0 0 450 450 0 0 0 450 450 0.33 50 1800 0 0 2 1 0
corathusb 3 367 100 100 140 300 450 0 0 0 450 450 0 0 0 450 450 0 0 0 450 450 0.33 50 1800 0 0 2 1 0
crescent 0 394 200 200 220 600 2400 200 200 220 600 2400 200 200 220 600 2400 200 200 220 600 2400 0.33 50 2400 1 255 2 1 0
crushbone 0 58 90 90 190 200 1000 90 90 190 200 1000 90 90 190 200 1000 90 90 190 200 1000 0.33 50 1000 1 0 5 1 0
cryptofshade 0 449 200 200 210 10 3000 200 200 210 10 450 200 200 210 10 3000 200 200 210 10 450 0.1 450 3000 1 0 2 1 0
crystal 0 121 0 0 0 0 1000 0 0 0 0 800 0 0 0 0 800 0 0 0 0 800 0.33 50 1000 0 0 0 0 0
crystallos 0 446 50 50 50 1000 2400 50 50 50 1000 2400 50 50 50 1000 2400 50 50 50 1000 2400 0.33 1000 2400 0 0 0 1 0
crystalshard 0 756 0 0 0 0 1000 0 0 0 0 800 0 0 0 0 800 0 0 0 0 800 0.33 500 1000 0 0 0 1 0
cshome 0 26 200 200 220 10 550 200 200 220 10 550 200 200 220 10 550 200 200 220 10 550 0.1 550 550 1 255 2 1 0
dalnir 0 104 20 10 25 30 1000 20 10 25 30 600 20 10 25 30 600 20 10 25 30 600 0.33 50 1000 0 255 0 0 0
dawnshroud 0 174 200 230 255 1000 2400 200 230 255 1000 2400 200 230 255 1000 2400 200 230 255 1000 2400 0.33 50 2400 1 0 1 1 0
deadbone 0 427 200 200 220 300 1000 200 200 220 300 1000 200 200 220 300 1000 200 200 220 300 1000 0.33 300 1000 1 255 1 1 0
delvea 0 341 25 75 25 300 2400 25 75 25 300 2400 25 75 25 300 2400 25 75 25 300 2400 0.1 300 1800 1 255 0 1 0
delvea 1 341 25 75 25 300 450 0 0 0 450 450 0 0 0 450 450 0 0 0 450 450 0.33 50 1800 0 0 2 1 0
delvea 2 341 25 75 25 300 450 0 0 0 450 450 0 0 0 450 450 0 0 0 450 450 0.33 50 1800 0 0 2 1 0
delvea 3 341 25 75 25 300 450 0 0 0 450 450 0 0 0 450 450 0 0 0 450 450 0.33 50 1800 0 0 2 1 0
delvea 4 341 25 75 25 300 450 0 0 0 450 450 0 0 0 450 450 0 0 0 450 450 0.33 50 1800 0 0 2 1 0
delvea 5 341 25 75 25 300 450 0 0 0 450 450 0 0 0 450 450 0 0 0 450 450 0.33 50 1800 0 0 2 1 0
delvea 6 341 25 75 25 300 450 0 0 0 450 450 0 0 0 450 450 0 0 0 450 450 0.33 50 1800 0 0 2 1 0
delvea 7 341 25 75 25 300 450 0 0 0 450 450 0 0 0 450 450 0 0 0 450 450 0.33 50 1800 0 0 2 1 0
delvea 8 341 25 75 25 300 450 0 0 0 450 450 0 0 0 450 450 0 0 0 450 450 0.33 50 1800 0 0 2 1 0
delvea 9 341 25 75 25 300 450 0 0 0 450 450 0 0 0 450 450 0 0 0 450 450 0.33 50 1800 0 0 2 1 0
delveb 0 342 25 75 25 300 2400 25 75 25 300 2400 25 75 25 300 2400 25 75 25 300 2400 0.1 494 1800 1 255 0 1 0
delveb 1 342 25 75 25 300 450 0 0 0 450 450 0 0 0 450 450 0 0 0 450 450 0.33 50 1800 0 0 2 1 0
delveb 2 342 25 75 25 300 450 0 0 0 450 450 0 0 0 450 450 0 0 0 450 450 0.33 50 1800 0 0 2 1 0
delveb 3 342 25 75 25 300 450 0 0 0 450 450 0 0 0 450 450 0 0 0 450 450 0.33 50 1800 0 0 2 1 0
delveb 4 342 25 75 25 300 450 0 0 0 450 450 0 0 0 450 450 0 0 0 450 450 0.33 50 1800 0 0 2 1 0
delveb 5 342 25 75 25 300 450 0 0 0 450 450 0 0 0 450 450 0 0 0 450 450 0.33 50 1800 0 0 2 1 0
delveb 6 342 25 75 25 300 450 0 0 0 450 450 0 0 0 450 450 0 0 0 450 450 0.33 50 1800 0 0 2 1 0
devastation 0 372 230 200 200 100 2400 230 200 200 100 2400 230 200 200 100 2400 230 200 200 100 2400 0.33 50 2400 1 255 1 1 0
devastationa 0 373 14 20 20 100 2000 14 20 20 100 2000 14 20 20 100 2000 14 20 20 100 2000 0.33 50 2000 1 255 0 1 0
direwind 0 405 200 200 220 600 2400 200 200 220 600 2400 200 200 220 600 2400 200 200 220 600 2400 0.33 50 2400 1 255 1 1 0
discord 0 470 120 140 100 1000 2500 120 140 100 1000 2500 120 140 100 1000 2500 120 140 100 1000 2500 0.22 1000 2500 1 255 1 1 0
discordtower 0 471 44 44 44 10 1500 44 44 44 700 1000 44 44 44 700 2000 44 44 44 700 2000 0.16 100 1550 1 255 0 1 0
drachnidhive 0 354 100 100 140 300 1800 100 100 140 300 1800 100 100 140 300 1800 100 100 140 300 1800 0.33 50 1800 1 255 0 0 0
drachnidhive 1 354 100 100 140 300 450 0 0 0 450 450 0 0 0 450 450 0 0 0 450 450 0.33 50 1800 1 0 2 1 0
drachnidhive 2 354 100 100 140 300 450 0 0 0 450 450 0 0 0 450 450 0 0 0 450 450 0.33 50 1800 1 0 2 1 0
drachnidhive 3 354 100 100 140 300 450 0 0 0 450 450 0 0 0 450 450 0 0 0 450 450 0.33 50 1800 1 0 2 1 0
drachnidhive 4 354 100 100 140 300 450 0 0 0 450 450 0 0 0 450 450 0 0 0 450 450 0.33 50 1800 1 0 2 1 0
drachnidhive 5 354 100 100 140 300 450 0 0 0 450 450 0 0 0 450 450 0 0 0 450 450 0.33 50 1800 1 0 2 1 0
drachnidhivea 0 355 100 100 140 300 1800 100 100 140 300 1800 100 100 140 300 1800 100 100 140 300 1800 0.33 50 1800 0 255 0 1 0
drachnidhivea 1 355 100 100 140 300 450 0 0 0 450 450 0 0 0 450 450 0 0 0 450 450 0.33 50 1800 0 0 2 1 0
drachnidhivea 2 355 100 100 140 300 450 0 0 0 450 450 0 0 0 450 450 0 0 0 450 450 0.33 50 1800 0 0 2 1 0
drachnidhivea 3 355 100 100 140 300 450 0 0 0 450 450 0 0 0 450 450 0 0 0 450 450 0.33 50 1800 0 0 2 1 0
drachnidhiveb 0 356 100 100 140 300 1800 100 100 140 300 1800 100 100 140 300 1800 100 100 140 300 1800 0.33 50 1800 0 255 0 1 0
drachnidhiveb 1 356 100 100 140 300 450 0 0 0 450 450 0 0 0 450 450 0 0 0 450 450 0.33 50 1800 0 0 2 1 0
drachnidhivec 0 357 140 90 0 10 1800 140 90 0 10 425 140 90 0 10 425 140 90 0 10 425 0.33 50 1800 0 255 0 1 0
drachnidhivec 1 357 140 90 0 10 450 0 0 0 450 450 0 0 0 450 450 0 0 0 450 450 0.33 50 1800 0 0 2 1 0
dragoncrypt 0 495 30 25 10 0 4000 30 25 10 100 3000 30 25 10 100 3000 30 25 10 100 3000 0.33 200 3500 0 255 0 1 0
dragonscale 0 442 200 200 220 1750 3000 200 200 220 1750 3000 200 200 220 1750 3000 200 200 220 1750 3000 0.33 500 3000 1 255 1 1 0
dragonscalea 0 450 150 150 250 100 1000 150 150 250 100 1000 150 150 250 100 1000 150 150 250 100 1000 0.33 150 1000 0 255 0 1 0
dragonscaleb 0 451 150 150 250 100 1000 150 150 250 100 1000 150 150 250 100 1000 150 150 250 100 1000 0.33 150 1000 0 255 0 1 0
dranik 0 336 25 75 25 300 1800 25 75 25 300 1800 25 75 25 300 1800 25 75 25 300 1800 0.33 50 1800 1 255 1 1 0
dranikcatacombsa 0 328 50 70 0 5 1000 50 70 0 5 600 50 70 0 5 600 50 70 0 5 600 0.33 50 1000 0 255 0 1 0
dranikcatacombsb 0 329 50 70 0 5 1000 50 70 0 5 600 50 70 0 5 600 50 70 0 5 600 0.33 50 1000 0 255 0 1 0
dranikcatacombsc 0 330 50 70 0 5 1000 50 70 0 5 600 50 70 0 5 600 50 70 0 5 600 0.33 50 1000 0 255 0 1 0
dranikhollowsa 0 318 0 0 0 450 2000 0 0 0 450 2000 0 0 0 450 2000 0 0 0 450 2000 0.1 450 2000 1 1 2 1 0
dranikhollowsb 0 319 0 0 0 450 2000 0 0 0 450 2000 0 0 0 450 2000 0 0 0 450 2000 0.1 450 2000 1 1 2 1 0
dranikhollowsc 0 320 0 0 0 450 2000 0 0 0 450 2000 0 0 0 450 2000 0 0 0 450 2000 0.1 450 2000 1 1 2 1 0
draniksewersa 0 331 50 70 0 5 1000 50 70 0 5 600 50 70 0 5 600 50 70 0 5 600 0.33 50 1000 0 255 0 1 0
draniksewersb 0 332 50 70 0 5 1000 50 70 0 5 600 50 70 0 5 600 50 70 0 5 600 0.33 50 1000 0 255 0 1 0
draniksewersc 0 333 50 70 0 5 1000 50 70 0 5 600 50 70 0 5 600 50 70 0 5 600 0.33 50 1000 0 255 0 1 0
draniksscar 0 302 25 75 25 100 1800 25 75 25 100 1800 25 75 25 100 1800 25 75 25 100 1800 0.33 50 1800 1 255 1 1 0
dreadlands 0 86 235 235 235 1000 2400 235 235 235 1000 2400 235 235 235 1000 2400 235 235 235 1000 2400 0.33 50 2400 1 255 1 1 0
dreadspire 0 351 100 100 140 100 7000 100 100 140 100 7000 100 100 140 100 7000 100 100 140 100 7000 0.33 50 7000 0 255 0 0 0
dreadspire 1 351 50 10 10 10 450 0 0 0 450 450 0 0 0 450 450 0 0 0 450 450 0.33 50 3000 0 0 2 1 0
droga 0 81 0 15 0 100 300 0 15 0 100 300 0 15 0 100 300 0 15 0 100 300 0.33 300 800 0 1 0 0 0
droga 1 81 0 15 0 10 600 0 15 0 10 600 0 15 0 10 600 0 15 0 10 600 0.33 50 600 0 255 0 0 0
dulak 0 225 200 200 200 100 1800 200 200 200 100 800 200 200 200 100 800 200 200 200 100 800 0.33 50 1800 0 255 1 1 0
eastkarana 0 15 200 200 220 800 3000 200 200 220 800 3000 200 200 220 800 3000 200 200 220 800 3000 0.33 50 3000 1 0 1 1 0
eastkorlach 0 362 100 100 140 300 1800 100 100 140 300 1800 100 100 140 300 1800 100 100 140 300 1800 0.33 50 1800 1 255 1 1 0
eastkorlach 1 362 100 100 140 300 450 0 0 0 450 450 0 0 0 450 450 0 0 0 450 450 0.33 50 1800 1 1 2 1 0
eastkorlacha 0 363 100 100 140 300 1800 100 100 140 300 1800 100 100 140 300 1800 100 100 140 300 1800 0.33 50 1800 0 255 0 1 0
eastkorlacha 1 363 100 100 140 300 450 0 0 0 450 450 0 0 0 450 450 0 0 0 450 450 0.33 50 1800 0 0 2 1 0
eastkorlacha 2 363 100 100 140 300 450 0 0 0 450 450 0 0 0 450 450 0 0 0 450 450 0.33 50 1800 0 0 2 1 0
eastkorlacha 3 363 100 100 140 300 450 0 0 0 450 450 0 0 0 450 450 0 0 0 450 450 0.33 50 1800 0 0 2 1 0
eastsepulcher 0 734 0 0 0 100 3000 0 0 0 100 3000 0 0 0 100 3000 0 0 0 100 3000 0.33 50 3000 0 0 0 1 0
eastwastes 0 116 200 200 200 100 2400 200 200 200 100 2400 200 200 200 100 2400 200 200 200 100 2400 0.33 50 2400 0 255 1 1 0
eastwastesshard 0 755 200 200 200 100 2400 200 200 200 100 2400 200 200 200 100 2400 200 200 200 100 2400 0.33 500 2400 0 255 1 1 0
echo 0 153 10 10 10 100 1000 10 10 10 100 600 10 10 10 100 600 10 10 10 100 600 0.33 50 1000 0 255 0 0 0
ecommons 0 22 200 200 220 10 800 200 200 220 10 800 200 200 220 10 800 200 200 220 10 800 0.1 600 1400 1 255 2 1 0
elddar 0 378 230 200 200 350 2400 230 200 200 350 2400 230 200 200 350 2400 230 200 200 350 2400 0.33 50 2400 1 0 1 1 0
elddara 0 379 230 200 200 350 2500 230 200 200 350 2500 230 200 200 350 2500 230 200 200 350 2500 0.33 50 2500 1 255 0 1 0
emeraldjungle 0 94 200 235 210 10 2500 200 235 210 10 500 200 235 210 10 500 200 235 210 10 500 0.16 50 2500 0 255 1 1 0
erudnext 0 24 200 200 220 10 1050 200 200 220 10 550 200 200 220 10 550 200 200 220 10 550 0.33 50 1050 1 255 2 1 0
erudnint 0 23 0 0 0 0 1000 0 0 0 0 600 0 0 0 0 600 0 0 0 0 600 0.33 50 1000 0 0 4 1 0
erudsxing 0 98 200 200 220 10 1400 200 200 220 10 1400 200 200 220 10 1400 200 200 220 10 1400 0.33 50 1400 1 0 1 1 0
erudsxing2 0 130 0 0 0 450 450 0 0 0 450 450 0 0 0 450 450 0 0 0 450 450 0.1 450 450 1 1 2 1 0
everfrost 0 30 200 230 255 10 1200 200 230 255 10 600 200 230 255 10 600 200 230 255 10 600 0.33 50 1200 0 255 1 1 0
eviltree 0 758 200 200 220 1000 4000 200 200 220 1000 4000 200 200 220 1000 4000 200 200 220 1000 4000 0.33 500 4000 1 255 2 1 0
fallen 0 706 200 200 220 10 1050 200 200 220 10 550 200 200 220 10 550 200 200 220 10 550 0.33 50 1050 1 255 2 1 0
fearplane 0 72 255 50 10 10 1400 255 50 10 10 1400 255 50 10 10 1400 90 20 20 10 1400 0.33 50 1400 1 255 1 1 0
feerrott 0 47 60 90 30 10 1350 60 90 30 10 350 60 90 30 10 350 60 90 30 10 350 0.33 50 1350 0 255 1 1 0
feerrott2 0 700 60 90 30 10 1350 60 90 30 10 350 60 90 30 10 350 60 90 30 10 350 0.33 50 1350 1 255 1 1 0
felwithea 0 61 100 130 100 10 1000 100 130 100 10 500 100 130 100 10 500 100 130 100 10 500 0.33 50 1000 1 255 2 1 0
felwitheb 0 62 100 130 100 10 1000 100 130 100 10 500 100 130 100 10 500 100 130 100 10 500 0.33 50 1000 1 255 2 1 0
ferubi 0 284 100 120 200 1 1050 100 120 200 1 450 100 120 200 1 450 100 120 200 1 450 0.33 50 1050 0 255 0 0 0
fhalls 0 998 64 0 128 10 1000 64 0 128 10 1000 64 0 128 10 1000 64 0 128 10 1000 0.33 50 1000 1 0 5 1 0
fieldofbone 0 78 235 235 235 100 2000 235 235 235 100 2000 235 235 235 100 2000 235 235 235 100 2000 0.33 50 2000 1 255 1 1 0
firiona 0 84 235 235 235 1000 2400 235 235 235 1000 2400 235 235 235 1000 2400 235 235 235 1000 2400 0.33 50 2400 1 255 1 1 0
foundation 0 486 10 30 50 100 2000 10 30 50 100 2000 10 30 50 100 2000 10 30 50 100 2000 0.33 50 1200 1 255 0 1 0
freeportacademy 0 385 230 200 200 350 2500 230 200 200 350 2500 230 200 200 350 2500 230 200 200 350 2500 0.33 50 2500 1 255 1 1 0
freeportarena 0 388 230 200 200 350 2500 230 200 200 350 2500 230 200 200 350 2500 230 200 200 350 2500 0.33 50 2500 1 0 1 1 0
freeportcityhall 0 389 0 0 0 0 1900 0 0 0 0 400 0 0 0 0 400 0 0 0 0 400 0.33 50 1900 0 0 1 1 0
freeporteast 0 382 230 200 200 350 2400 230 200 200 350 2400 230 200 200 350 2400 230 200 200 350 2400 0.33 50 2400 1 255 2 1 0
freeporthall 0 391 230 200 200 350 2500 230 200 200 350 2500 230 200 200 350 2500 230 200 200 350 2500 0.33 50 2500 1 255 1 1 0
freeportmilitia 0 387 230 200 200 350 2500 230 200 200 350 2500 230 200 200 350 2500 230 200 200 350 2500 0.33 50 2500 1 255 1 1 0
freeportsewers 0 384 0 0 0 12 1050 0 0 0 12 250 0 0 0 12 250 0 0 0 12 250 0.33 50 1050 0 255 0 1 0
freeporttemple 0 386 0 0 0 10 3000 0 0 0 450 450 0 0 0 10 3000 0 0 0 450 450 0.1 450 3000 1 1 2 1 0
freeporttheater 0 390 230 200 200 350 2500 230 200 200 350 2500 230 200 200 350 2500 230 200 200 350 2500 0.33 50 2500 1 0 1 1 0
freeportwest 0 383 230 200 200 350 2400 230 200 200 350 2400 230 200 200 350 2400 230 200 200 350 2400 0.33 50 2400 1 0 2 1 0
freporte 0 10 230 200 200 10 450 230 200 200 10 450 230 200 200 10 450 230 200 200 10 450 0.1 450 450 1 255 2 1 0
freportn 0 8 230 200 200 10 450 230 200 200 10 450 230 200 200 10 450 230 200 200 10 450 0.1 450 450 1 255 2 1 0
freportw 0 9 230 200 200 10 450 230 200 200 10 450 230 200 200 10 450 230 200 200 10 450 0.1 450 450 1 255 2 1 0
frontiermtns 0 92 235 235 235 1000 2400 235 235 235 1000 2400 235 235 235 1000 2400 235 235 235 1000 2400 0.33 50 2400 1 255 1 1 0
frostcrypt 0 402 200 200 220 600 2400 200 200 220 600 2400 200 200 220 600 2400 200 200 220 600 2400 0.33 50 2400 1 255 0 1 0
frozenshadow 0 111 25 25 25 10 1050 25 25 25 10 350 25 25 25 10 350 25 25 25 10 350 0.33 50 1050 0 255 0 0 0
fungalforest 0 481 30 25 10 880 1080 30 25 10 880 1080 30 25 10 880 1080 30 25 10 880 1080 0.33 50 1200 0 255 1 1 0
fungusgrove 0 157 25 50 50 100 1000 25 50 50 100 800 25 50 50 100 800 25 50 50 100 800 0.33 50 1000 0 255 0 0 0
gfaydark 0 54 230 255 200 10 1600 230 255 200 10 600 230 255 200 10 600 230 255 200 10 600 0.33 50 1600 0 255 2 1 0
greatdivide 0 118 160 160 172 10 1800 160 160 172 10 1800 160 160 172 10 1800 160 160 172 10 1800 0.33 50 1800 0 255 1 1 0
grelleth 0 759 30 100 25 0 3500 30 100 25 0 3500 30 100 25 0 3500 30 100 25 0 3500 0.33 500 4000 0 255 1 1 0
griegsend 0 163 0 0 0 100 1000 0 0 0 100 1000 0 0 0 100 1000 0 0 0 100 1000 0.33 100 1800 8 1 5 1 0
griegsend 1 163 0 0 0 100 1300 0 0 0 100 1300 0 0 0 100 1300 0 0 0 100 1300 0.33 50 1300 1 255 5 1 0
grimling 0 167 200 200 220 1000 1600 200 200 220 1000 1600 200 200 220 1000 1600 200 200 220 1000 1600 0.33 50 1600 1 0 1 1 0
grobb 0 52 170 160 90 10 1300 170 160 90 10 300 170 160 90 10 300 170 160 90 10 300 0.33 50 1300 0 0 2 1 0
growthplane 0 127 0 50 100 200 3000 0 100 50 200 3000 100 50 0 200 3000 100 0 50 200 3000 0.33 50 3000 0 255 1 1 0
guardian 0 447 200 200 210 10 3000 200 200 210 10 450 200 200 210 10 3000 200 200 210 10 450 0.1 450 3000 1 0 2 1 0
guildhall 0 345 64 0 128 200 2200 64 0 128 200 600 64 0 128 200 600 64 0 128 200 600 0.33 50 2200 1 0 2 1 0
guildlobby 0 344 64 0 128 60 2000 64 0 128 60 1000 64 0 128 60 1000 64 0 128 60 1000 0.33 50 2000 0 0 2 1 0
guka 0 229 0 0 0 1 1050 0 0 0 1 250 0 0 0 1 250 0 0 0 1 250 0.33 50 1050 0 255 0 0 0
gukb 0 234 0 0 0 500 2000 0 0 0 500 2000 0 0 0 500 2000 0 0 0 500 2000 0.1 1500 2000 0 255 2 0 0
gukbottom 0 66 50 45 20 10 1040 50 45 20 10 140 50 45 20 10 140 50 45 20 10 140 0.33 50 1040 0 255 0 0 0
gukc 0 239 0 0 0 1 1050 0 0 0 1 250 0 0 0 1 250 0 0 0 1 250 0.33 50 1050 0 255 0 0 0
gukc 1 239 0 0 0 1 450 0 0 0 450 450 0 0 0 450 450 0 0 0 450 450 0.33 50 1050 0 0 2 1 0
gukd 0 244 0 0 0 500 2000 0 0 0 500 2000 0 0 0 500 2000 0 0 0 500 2000 0.1 1500 2000 0 255 2 0 0
guke 0 249 0 0 0 1 1050 0 0 0 12 200 0 0 0 12 200 0 0 0 12 200 0.33 50 1050 0 255 0 0 0
gukf 0 254 0 0 0 1 1050 0 0 0 1 250 0 0 0 1 250 0 0 0 1 250 0.33 50 1050 0 255 0 0 0
gukg 0 259 0 0 0 500 2000 0 0 0 500 2000 0 0 0 500 2000 0 0 0 500 2000 0.1 1500 2000 0 255 2 0 0
gukg 1 259 0 0 0 500 2000 0 0 0 500 2000 0 0 0 500 2000 0 0 0 500 2000 0.1 1500 2000 0 255 2 0 0
gukh 0 264 0 0 0 12 1000 0 0 0 12 250 0 0 0 12 250 0 0 0 12 250 0.33 50 1000 0 255 0 0 0
guktop 0 65 40 45 20 10 1040 40 45 20 10 140 40 45 20 10 140 40 45 20 10 140 0.33 50 1040 0 255 0 0 0
gunthak 0 224 200 200 200 100 1800 200 200 200 100 800 200 200 200 100 800 200 200 200 100 800 0.33 50 1800 0 255 1 1 0
gyrospireb 0 440 200 200 220 1000 4400 200 200 220 1000 4400 200 200 220 1000 4400 200 200 220 1000 4400 0.33 150 4400 1 255 1 1 0
gyrospirez 0 441 200 200 220 1000 4400 200 200 220 1000 4400 200 200 220 1000 4400 200 200 220 1000 4400 0.33 150 4400 1 255 1 1 0
halas 0 29 200 230 255 10 1200 200 230 255 10 300 200 230 255 10 300 200 230 255 10 300 0.33 50 1200 0 255 2 1 0
harbingers 0 335 0 0 0 100 1000 0 0 0 100 1000 0 0 0 100 1000 0 0 0 100 1000 0.33 50 1000 0 0 0 1 0
hateplane 0 76 128 128 128 30 200 128 128 128 30 200 128 128 128 30 200 128 128 128 30 200 0.1 200 200 0 255 2 1 0
hateplaneb 0 186 25 25 25 0 1000 25 25 25 0 600 25 25 25 0 600 25 25 25 0 600 0.33 50 1000 0 0 1 1 0
hatesfury 0 228 20 20 40 200 1500 20 20 40 200 800 20 20 40 200 800 20 20 40 200 800 0.33 50 1500 0 0 0 0 0
highkeep 0 6 0 0 0 0 1500 0 0 0 0 600 0 0 0 0 600 0 0 0 0 600 0.33 50 1500 1 0 2 1 0
highpass 0 5 200 200 200 10 400 200 200 200 10 400 200 200 200 10 400 200 200 200 10 400 0.1 400 400 1 0 2 1 0
highpasshold 0 407 200 200 200 200 1500 200 200 200 200 600 200 200 200 200 600 200 200 200 200 600 0.33 50 1500 1 0 1 1 0
highpasskeep 0 412 0 0 0 10 3000 0 0 0 450 450 0 0 0 10 3000 0 0 0 450 450 0.1 450 3000 1 1 2 1 0
hillsofshade 0 444 92 115 123 130 2000 92 115 123 130 630 92 115 123 130 630 92 115 123 130 630 0.33 150 2000 1 255 1 1 0
hohonora 0 211 200 200 220 200 2000 200 200 220 200 2000 200 200 220 200 2000 200 200 220 200 2000 0.33 50 2000 1 255 1 1 0
hohonorb 0 220 200 200 220 100 1000 200 200 220 100 800 200 200 220 100 800 200 200 220 100 800 0.33 50 1000 1 255 1 1 0
hole 0 39 10 10 10 100 1000 10 10 10 100 600 10 10 10 100 600 10 10 10 100 600 0.33 50 1000 0 255 0 0 0
hollowshade 0 166 100 110 40 200 2000 100 140 20 200 2000 100 140 20 200 2000 100 140 20 200 2000 0.33 50 2000 1 255 1 1 0
housegarden 0 703 200 200 220 500 2400 200 200 220 1000 2400 200 200 220 1000 2400 200 200 220 1000 2400 0.33 50 2400 1 255 1 1 0
iceclad 0 110 200 200 200 1000 2400 200 200 200 1000 2400 200 200 200 1000 2400 200 200 200 1000 2400 0.33 50 2400 1 255 1 1 0
icefall 0 400 200 200 220 600 3000 200 200 220 600 3000 200 200 220 600 3000 200 200 220 600 3000 0.33 50 3000 1 255 1 1 0
ikkinz 0 294 50 10 10 100 1300 50 10 10 100 1300 50 10 10 100 1300 50 10 10 100 1300 0.33 50 1300 0 0 0 0 0
illsalin 0 347 0 0 0 100 2400 0 0 0 100 2400 0 0 0 100 2400 0 0 0 100 2400 0.33 50 2400 1 255 0 1 0
illsalina 0 348 100 100 140 300 1800 100 100 140 300 1800 100 100 140 300 1800 100 100 140 300 1800 0.33 50 1800 0 255 0 1 0
illsalina 1 348 100 100 140 300 450 0 0 0 450 450 0 0 0 450 450 0 0 0 450 450 0.33 50 1800 0 0 2 1 0
illsalinb 0 349 0 0 0 450 3000 0 0 0 450 3000 0 0 0 450 3000 0 0 0 450 3000 0.1 450 3000 1 1 2 1 0
illsalinb 1 349 100 100 140 300 450 0 0 0 450 450 0 0 0 450 450 0 0 0 450 450 0.33 50 1800 0 0 2 1 0
illsalinb 2 349 100 100 140 300 450 0 0 0 450 450 0 0 0 450 450 0 0 0 450 450 0.33 50 1800 0 0 2 1 0
illsalinb 3 349 100 100 140 300 450 0 0 0 450 450 0 0 0 450 450 0 0 0 450 450 0.33 50 1800 0 0 2 1 0
illsalinb 4 349 100 100 140 300 450 0 0 0 450 450 0 0 0 450 450 0 0 0 450 450 0.33 50 1800 0 0 2 1 0
illsalinc 0 350 100 100 140 300 1800 100 100 140 300 1800 100 100 140 300 1800 100 100 140 300 1800 0.33 50 1800 0 255 0 1 0
illsalinc 1 350 100 100 140 300 450 0 0 0 450 450 0 0 0 450 450 0 0 0 450 450 0.33 50 1800 0 0 2 1 0
illsalinc 2 350 100 100 140 300 450 0 0 0 450 450 0 0 0 450 450 0 0 0 450 450 0.33 50 1800 0 0 2 1 0
illsalinc 3 350 100 100 140 300 450 0 0 0 450 450 0 0 0 450 450 0 0 0 450 450 0.33 50 1800 0 0 2 1 0
illsalinc 4 350 100 100 140 300 450 0 0 0 450 450 0 0 0 450 450 0 0 0 450 450 0.33 50 1800 0 0 2 1 0
inktuta 0 296 50 40 40 50 900 50 40 40 50 600 50 40 40 50 600 50 40 40 50 600 0.33 50 900 0 0 0 0 0
innothule 0 46 170 160 90 10 500 170 160 90 10 500 170 160 90 10 500 170 160 90 10 500 0.1 400 550 0 255 2 1 0
innothuleb 0 413 60 90 30 10 1050 60 90 30 10 350 60 90 30 10 350 60 90 30 10 350 0.33 50 1050 1 255 1 1 0
jaggedpine 0 181 0 0 0 500 2000 0 0 0 500 2000 0 0 0 500 2000 0 0 0 500 2000 0.1 1500 2000 1 255 2 1 0
jardelshook 0 424 200 200 220 300 1400 200 200 220 300 1400 200 200 220 600 1400 200 200 220 600 1400 0.33 300 1400 1 255 1 1 0
kael 0 113 10 10 50 100 2000 10 10 50 100 800 10 10 50 100 800 10 10 50 100 800 0.33 50 2000 0 255 0 0 0
kaelshard 0 754 10 10 50 100 2000 10 10 50 100 800 10 10 50 100 800 10 10 50 100 800 0.33 500 2000 0 255 0 1 0
kaesora 0 88 0 10 0 10 2050 0 10 0 10 300 0 10 0 10 300 0 10 0 10 300 0.33 50 2050 0 255 0 0 0
kaladima 0 60 70 50 20 10 2050 70 50 20 10 250 70 50 20 10 250 70 50 20 10 250 0.33 50 2050 0 255 3 1 0
kaladimb 0 67 70 50 20 10 175 70 50 20 10 175 70 50 20 10 175 70 50 20 10 175 0.1 175 175 0 255 2 1 0
karnor 0 102 50 20 20 10 2000 50 20 20 10 600 50 20 20 10 600 50 20 20 10 600 0.33 50 2000 0 255 5 1 0
katta 0 160 100 40 40 10 2200 100 40 40 10 800 100 40 40 10 800 100 40 40 10 800 0.33 50 2200 1 255 2 1 0
kattacastrum 0 416 0 75 83 600 5000 0 75 83 600 5000 0 75 83 600 5000 0 75 83 600 5000 0.33 300 5000 1 255 2 1 0
kedge 0 64 0 0 0 0 1500 0 0 0 0 600 0 0 0 0 600 0 0 0 0 600 0.33 50 1500 0 0 0 0 0
kerraridge 0 74 220 220 200 10 600 220 220 200 10 600 220 220 200 10 600 220 220 200 10 600 0.1 600 600 1 0 2 1 0
kithforest 0 410 0 0 0 10 3000 0 0 0 450 450 0 0 0 10 3000 0 0 0 450 450 0.1 450 3000 1 1 2 1 0
kithicor 0 20 120 140 100 10 1500 120 140 100 10 500 120 140 100 10 500 120 140 100 10 500 0.33 50 1500 0 255 1 1 0
kodtaz 0 293 50 10 10 10 1600 50 10 10 10 1600 50 10 10 10 1600 50 10 10 10 1600 0.33 50 1600 1 255 1 1 0
korascian 0 476 120 140 100 10 1250 120 140 100 10 350 120 140 100 10 350 120 140 100 10 350 0.33 50 1250 0 255 1 1 0
kurn 0 97 50 50 20 10 1200 50 50 20 10 800 50 50 20 10 800 50 50 20 10 800 0.33 50 1200 0 255 0 0 0
lakeofillomen 0 85 235 235 235 1000 2000 235 235 235 1000 2000 235 235 235 1000 2000 235 235 235 1000 2000 0.33 50 2000 1 255 1 1 0
lakerathe 0 51 200 200 220 1000 2400 200 200 220 1000 2400 200 200 220 1000 2400 200 200 220 1000 2400 0.33 50 2400 1 255 1 1 0
lavastorm 0 27 255 50 10 10 800 255 10 10 10 800 255 10 10 10 800 255 10 10 10 800 0.33 600 1400 1 255 1 1 0
lavastorm 1 27 255 10 10 10 2000 255 10 10 10 1800 255 10 10 10 1800 255 10 10 10 1800 0.33 50 2000 1 255 1 1 0
letalis 0 169 200 230 255 10 1800 200 230 255 10 1800 200 230 255 10 1800 200 230 255 10 1800 0.33 50 1800 1 255 1 1 0
lfaydark 0 57 230 255 200 10 1000 230 255 200 10 600 230 255 200 10 600 230 255 200 10 600 0.33 50 1000 0 255 1 1 0
lichencreep 0 487 30 25 10 100 1200 30 25 10 100 1200 30 25 10 100 1200 30 25 10 100 1200 0.33 50 1200 0 255 0 1 0
load 0 184 0 0 0 500 2000 0 0 0 500 2000 0 0 0 500 2000 0 0 0 500 2000 0.1 1500 2000 0 255 2 1 0
load2 0 185 0 0 0 500 2000 0 0 0 500 2000 0 0 0 500 2000 0 0 0 500 2000 0.1 1500 2000 0 255 2 1 0
lopingplains 0 443 200 200 220 1250 2500 200 200 220 1250 2500 200 200 220 1250 2500 200 200 220 1250 2500 0.33 500 2500 1 255 1 1 0
maiden 0 173 200 230 255 100 3000 200 230 255 100 3000 200 230 255 100 3000 200 230 255 100 3000 0.33 50 3000 1 255 1 1 0
maidensgrave 0 429 200 200 220 300 1000 200 200 220 300 1000 200 200 220 300 1000 200 200 220 300 1000 0.33 300 1000 1 255 1 1 0
mansion 0 437 50 50 50 100 1000 50 50 50 100 700 50 50 50 100 700 50 50 50 100 700 0.33 150 1000 0 255 0 1 0
mechanotus 0 436 200 200 220 1000 2400 200 200 220 1000 2400 200 200 220 1000 2400 200 200 220 1000 2400 0.33 500 2400 1 255 1 1 0
mesa 0 397 200 200 220 600 1900 200 200 220 300 1900 200 200 220 300 1900 200 200 220 300 1900 0.33 50 1900 1 255 1 1 0
mira 0 232 50 100 255 1 1850 50 100 255 1 250 50 100 255 1 250 50 100 255 1 250 0.33 50 1850 0 255 0 0 0
miragulmare 0 710 200 200 220 600 2400 200 200 220 600 2400 200 200 220 600 2400 200 200 220 600 2400 0.33 50 2400 1 255 1 1 0
mirb 0 237 50 100 255 1 1000 50 100 255 1 250 50 100 255 1 250 50 100 255 1 250 0.33 50 1000 0 255 0 0 0
mirb 50 237 50 100 255 1 1000 50 100 255 1 250 50 100 255 1 250 50 100 255 1 250 0.33 50 1000 0 255 0 0 0
mirc 0 242 0 0 0 500 2000 0 0 0 500 2000 0 0 0 500 2000 0 0 0 500 2000 0.1 1500 2000 0 255 2 0 0
mirc 1 242 50 100 255 1 450 0 0 0 450 450 0 0 0 450 450 0 0 0 450 450 0.33 50 1000 0 0 2 1 0
mird 0 247 50 255 255 1 1000 50 255 255 1 250 50 255 255 1 250 50 255 255 1 250 0.33 50 1000 0 255 0 0 0
mire 0 252 0 0 0 500 2000 0 0 0 500 2000 0 0 0 500 2000 0 0 0 500 2000 0.1 1500 2000 0 255 2 0 0
mirf 0 257 0 0 0 500 2000 0 0 0 500 2000 0 0 0 500 2000 0 0 0 500 2000 0.1 1500 2000 0 255 2 0 0
mirg 0 262 200 0 100 1 2500 200 0 100 1 200 200 0 100 1 200 200 0 100 1 200 0.33 50 2500 0 255 0 0 0
mirh 0 267 0 0 0 500 2000 0 0 0 500 2000 0 0 0 500 2000 0 0 0 500 2000 0.1 1500 2000 0 255 2 0 0
miri 0 271 0 0 0 500 2000 0 0 0 500 2000 0 0 0 500 2000 0 0 0 500 2000 0.1 1500 2000 0 255 2 0 0
mirj 0 275 80 203 223 1 2500 80 203 223 1 400 80 203 223 1 400 80 203 223 1 400 0.33 50 2500 0 255 0 0 0
mischiefplane 0 126 210 235 210 60 1500 210 235 210 60 800 210 235 210 60 800 210 235 210 60 800 0.33 50 1500 0 255 1 1 0
mistmoore 0 59 60 30 90 10 1850 60 30 90 10 350 60 30 90 10 350 60 30 90 10 350 0.33 50 1850 0 255 5 1 0
misty 0 33 100 120 50 10 500 100 120 50 10 500 100 120 50 10 500 100 120 50 10 500 0.1 450 550 0 255 2 1 0
mistythicket 0 415 100 120 50 10 1500 100 120 50 10 800 100 120 50 10 800 100 120 50 10 800 0.1 50 1500 1 255 1 1 0
mmca 0 233 25 1 1 1 1400 25 1 1 1 400 25 1 1 1 400 25 1 1 1 400 0.33 50 1400 0 255 0 0 0
mmcb 0 238 25 1 1 1 1400 25 1 1 1 400 25 1 1 1 400 25 1 1 1 400 0.33 50 1400 0 255 0 0 0
mmcc 0 243 25 1 1 1 1400 25 1 1 1 400 25 1 1 1 400 25 1 1 1 400 0.33 50 1400 0 255 0 0 0
mmcc 50 243 25 1 1 1 1400 25 1 1 1 400 25 1 1 1 400 25 1 1 1 400 0.33 50 1400 0 255 0 0 0
mmcd 0 248 25 0 25 1 1000 25 0 25 1 400 25 0 25 1 400 25 0 25 1 400 0.33 50 1000 0 255 0 0 0
mmce 0 253 25 0 25 0 1300 25 0 25 0 300 25 0 25 0 300 25 0 25 0 300 0.33 50 1300 0 255 0 0 0
mmcf 0 258 25 0 25 0 1300 25 0 25 0 300 25 0 25 0 300 25 0 25 0 300 0.33 50 1300 0 255 0 0 0
mmcf 50 258 25 0 25 0 1300 25 0 25 0 300 25 0 25 0 300 25 0 25 0 300 0.33 50 1300 0 255 0 0 0
mmcg 0 263 70 80 10 0 1300 70 80 10 0 300 70 80 10 0 300 70 80 10 0 300 0.33 50 1300 0 255 0 0 0
mmch 0 268 70 80 10 0 1300 70 80 10 0 300 70 80 10 0 300 70 80 10 0 300 0.33 50 1300 0 255 0 0 0
mmci 0 272 70 80 10 0 1300 70 80 10 0 300 70 80 10 0 300 70 80 10 0 300 0.33 50 1300 0 255 0 0 0
mmcj 0 276 25 0 25 0 1300 25 0 25 0 300 25 0 25 0 300 25 0 25 0 300 0.33 50 1300 0 255 0 0 0
monkeyrock 0 425 200 200 220 300 3000 200 200 220 300 1000 200 200 220 300 1000 200 200 220 300 1000 0.33 300 3000 1 255 1 1 0
moors 0 395 200 200 220 10 2500 200 200 220 10 1200 200 200 220 10 1200 200 200 220 10 1200 0.16 50 2500 1 255 1 1 0
morellcastle 0 707 0 0 0 0 1000 0 0 0 0 600 0 0 0 0 600 0 0 0 0 600 0.33 50 1000 1 0 4 1 0
mseru 0 168 200 230 255 10 1500 200 230 255 10 1000 200 230 255 10 1000 200 230 255 10 1000 0.33 50 1500 1 255 1 1 0
nadox 0 227 20 20 40 200 1000 20 20 40 200 800 20 20 40 200 800 20 20 40 200 800 0.33 50 1000 0 255 0 0 0
najena 0 44 20 0 40 10 1200 20 0 40 10 200 20 0 40 10 200 20 0 40 10 200 0.33 50 1200 0 255 0 0 0
natimbi 0 280 50 10 10 10 1800 50 10 10 10 1800 50 10 10 10 1800 50 10 10 10 1800 0.33 50 1800 1 0 1 1 0
necropolis 0 123 35 50 35 10 2000 35 50 35 10 2000 35 50 35 10 2000 35 50 35 10 2000 0.33 50 2000 0 255 0 0 0
nedaria 0 182 50 10 10 10 1800 50 10 10 10 1800 50 10 10 10 1800 50 10 10 10 1800 0.33 50 1800 1 0 1 1 0
neighborhood 0 712 200 200 200 1500 6000 200 200 200 1500 6000 200 200 200 1500 6000 200 200 200 1500 6000 0.33 50 6000 1 255 1 1 0
nektropos 0 28 0 0 0 450 450 0 0 0 450 450 0 0 0 450 450 0 0 0 450 450 0.1 450 450 1 1 2 1 0
nektulos 0 25 80 90 70 10 400 80 90 70 10 400 80 90 70 10 400 80 90 70 10 400 0.1 200 500 0 255 1 1 0
nektulos 1 25 80 90 70 10 1500 80 90 70 10 500 80 90 70 10 500 80 90 70 10 500 0.33 50 1500 1 255 1 1 0
nektulosa 0 368 0 0 0 0 1800 0 0 0 0 1800 0 0 0 0 1800 0 0 0 0 1800 0.33 50 1800 1 0 0 1 0
neriaka 0 40 10 0 60 10 1500 10 0 60 10 500 10 0 60 10 500 10 0 60 10 500 0.33 50 1500 0 255 3 0 0
neriakb 0 41 10 0 60 10 1300 10 0 60 10 300 10 0 60 10 300 10 0 60 10 300 0.33 50 1300 0 255 3 0 0
neriakc 0 42 10 0 60 10 1300 10 0 60 10 300 10 0 60 10 300 10 0 60 10 300 0.33 50 1300 0 255 3 0 0
neriakd 0 43 0 0 0 450 450 0 0 0 450 450 0 0 0 450 450 0 0 0 450 450 0.1 450 450 1 1 2 1 0
netherbian 0 161 10 10 10 10 1200 10 10 10 1 1200 10 10 10 1 1200 10 10 10 1 1200 0.33 50 1200 0 255 0 0 0
nexus 0 152 0 0 0 200 1000 0 0 0 200 1000 0 0 0 200 1000 0 0 0 200 1000 0.33 50 1000 0 255 3 1 0
nightmareb 0 221 0 0 20 0 1200 0 0 20 1 800 0 0 20 1 800 0 0 20 1 800 0.33 50 1200 1 255 1 1 0
northkarana 0 13 200 200 220 800 3000 200 200 220 800 3000 200 200 220 800 3000 200 200 220 800 3000 0.33 50 3000 1 0 1 1 0
northro 0 392 250 250 100 1000 3000 250 250 180 1000 3000 250 250 180 1000 3000 250 250 180 1000 3000 0.33 500 3000 1 1 1 1 0
nro 0 34 250 250 180 10 800 250 250 180 10 800 250 250 180 10 800 250 250 180 10 800 0.1 600 1400 2 255 2 1 0
nurga 0 107 0 15 0 100 300 0 15 0 100 300 0 15 0 100 300 0 15 0 100 300 0.33 300 800 0 1 0 0 0
nurga 1 107 0 15 0 100 1000 0 15 0 100 800 0 15 0 100 800 0 15 0 100 800 0.33 50 1000 0 255 0 0 0
oasis 0 37 250 250 180 10 800 250 250 180 10 800 250 250 180 10 800 250 250 180 10 800 0.1 600 1400 2 255 2 1 0
oceangreenhills 0 466 200 200 220 700 5000 200 200 220 700 2000 200 200 220 700 2000 200 200 220 700 2000 0.33 50 5000 1 255 1 1 0
oceangreenvillage 0 467 200 200 220 700 5000 200 200 220 700 2000 200 200 220 700 2000 200 200 220 700 2000 0.33 50 5000 1 255 1 1 0
oceanoftears 0 409 200 200 220 10 1800 200 200 220 10 1800 200 200 220 10 1800 200 200 220 10 1800 0.33 50 1800 1 0 1 1 0
oggok 0 49 130 140 80 10 1500 130 140 80 10 500 130 140 80 10 500 130 140 80 10 500 0.33 50 1500 0 0 2 1 0
oldblackburrow 0 468 50 100 90 100 1500 50 100 90 100 1500 50 100 90 100 1500 50 100 90 100 1500 0.33 50 1500 1 255 5 1 0
oldbloodfield 0 472 25 75 25 200 5000 25 75 25 200 5000 25 75 5 200 5000 25 75 25 200 5000 0.33 50 1600 1 255 1 1 0
oldcommons 0 457 200 200 220 600 2400 200 200 220 600 2400 200 200 220 600 2400 200 200 220 600 2400 0.33 50 2400 1 255 1 1 0
olddranik 0 474 25 75 25 300 1800 25 75 25 300 1800 25 75 25 300 1800 25 75 25 300 1800 0.33 50 1800 1 255 1 1 0
oldfieldofbone 0 452 235 235 235 100 1500 235 235 235 100 1500 235 235 235 100 1500 235 235 235 100 1500 0.33 305 2000 1 255 1 1 0
oldhighpass 0 458 0 0 0 10 3000 0 0 0 450 450 0 0 0 10 3000 0 0 0 450 450 0.1 450 3000 1 1 2 1 0
oldkaesoraa 0 453 1 1 1 100 1000 30 25 10 100 1000 30 25 10 100 1000 30 25 10 100 1000 0.33 100 1000 0 255 0 1 0
oldkaesorab 0 454 1 1 1 60 600 30 25 10 100 500 30 25 10 100 500 30 25 10 100 500 0.33 100 650 0 255 0 1 0
oldkithicor 0 456 120 140 100 10 1400 120 140 100 10 500 120 140 100 10 500 120 140 100 10 500 0.33 50 1500 0 255 1 1 0
oldkurn 0 455 30 25 10 10 1300 30 25 10 10 300 30 25 10 10 300 30 25 10 10 300 0.33 50 1300 0 255 0 1 0
oot 0 69 200 200 220 10 800 200 200 220 10 800 200 200 220 10 800 200 200 220 10 800 0.1 600 1400 1 0 2 1 0
overthere 0 93 235 235 235 1000 2400 235 235 235 1000 2400 235 235 235 1000 2400 235 235 235 1000 2400 0.33 50 2400 1 255 1 1 0
paineel 0 75 150 150 150 200 1000 150 150 150 200 1000 150 150 150 200 1000 150 150 150 200 1000 0.33 50 1000 0 0 2 1 0
paludal 0 156 10 10 10 50 1000 10 10 10 50 800 10 10 10 50 800 10 10 10 50 800 0.33 50 1000 0 255 0 0 0
paw 0 18 30 25 10 10 180 30 25 10 10 180 30 25 10 10 180 30 25 10 10 180 0.33 10 180 0 255 0 0 0
paw 1 18 30 25 10 10 1000 30 25 10 10 300 30 25 10 10 300 30 25 10 10 300 0.33 50 1000 0 255 0 0 0
pellucid 0 488 10 50 41 100 2500 10 50 41 100 1200 10 50 41 100 1200 10 50 41 100 1200 0.33 150 2500 0 255 0 1 0
permafrost 0 73 25 35 45 10 1000 25 35 45 10 250 25 35 45 10 250 25 35 45 10 250 0.33 50 1000 0 255 0 0 0
pillarsalra 0 730 200 200 220 600 2400 200 200 220 600 2400 200 200 220 600 2400 200 200 220 600 2400 0.33 50 2400 1 255 2 1 0
poair 0 215 200 200 220 150 1500 200 200 220 150 600 200 200 220 150 600 200 200 220 150 600 0.33 50 1500 1 255 1 1 0
podisease 0 205 130 100 20 200 1200 130 100 20 200 1200 130 100 20 200 1200 130 100 20 200 1200 0.33 50 1200 1 255 1 1 0
poeartha 0 218 140 126 99 200 1700 140 126 99 200 700 140 126 99 200 700 140 126 99 200 700 0.33 50 1700 1 255 1 1 0
poearthb 0 222 140 126 99 200 1500 140 126 99 200 700 140 126 99 200 700 140 126 99 200 700 0.33 50 1500 1 255 1 1 0
pofire 0 217 1 1 1 50 1500 1 1 1 50 900 1 1 1 50 900 1 1 1 50 900 0.33 50 1500 1 255 1 1 0
poinnovation 0 206 200 200 200 100 1700 200 200 200 100 700 200 200 200 100 700 200 200 200 100 700 0.33 50 1700 1 255 1 1 0
pojustice 0 201 200 200 220 10 1200 200 200 220 10 900 200 200 220 10 900 200 200 220 10 900 0.33 50 1200 1 255 5 1 0
poknowledge 0 202 50 50 155 400 2000 50 50 155 400 2000 50 50 150 400 2000 50 50 150 400 2000 0.33 50 2000 1 0 2 1 0
ponightmare 0 204 0 0 20 11 1000 0 0 20 1 800 0 0 20 1 800 0 0 20 1 800 0.33 50 1000 1 255 1 1 0
postorms 0 210 200 255 255 50 1000 252 250 199 50 1000 252 225 199 50 1000 189 168 119 50 1000 0.33 50 1000 1 255 1 1 0
potactics 0 214 0 0 0 50 1000 0 0 0 50 700 0 0 0 50 700 0 0 0 50 700 0.33 50 1000 0 255 0 0 0
potimea 0 219 200 200 220 200 1300 200 200 220 200 1300 200 200 220 200 1300 200 200 220 200 1300 0.33 50 1300 1 255 1 1 0
potimeb 0 223 200 200 220 100 1000 200 200 220 100 1000 200 200 220 100 1000 200 200 220 100 1000 0.33 50 1000 1 255 1 1 0
potorment 0 207 70 5 5 200 1000 70 5 5 200 1000 70 5 5 200 1000 70 5 5 200 1000 0.33 50 1000 0 255 0 1 0
potranquility 0 203 200 200 220 200 3000 200 200 220 200 3000 200 200 220 200 3000 200 200 220 200 3000 0.33 50 3000 1 255 2 1 0
povalor 0 208 100 50 100 200 1000 50 100 150 200 1000 35 94 50 200 1000 0 35 94 200 1000 0.33 50 1000 1 255 1 1 0
powar 0 213 0 0 0 500 2000 0 0 0 500 2000 0 0 0 500 2000 0 0 0 500 2000 0.1 1500 2000 0 255 2 1 0
powater 0 216 0 0 0 0 1500 0 0 0 0 600 0 0 0 0 600 0 0 0 0 600 0.33 50 1500 0 0 0 0 0
precipiceofwar 0 473 0 0 0 10 3000 0 0 0 450 450 0 0 0 10 3000 0 0 0 450 450 0.1 450 3000 1 1 2 1 0
provinggrounds 0 316 50 10 10 100 1800 50 10 10 100 1800 50 10 10 100 1800 50 10 10 100 1800 0.33 50 1800 1 255 1 1 0
qcat 0 45 30 50 10 10 1000 30 50 10 10 125 30 50 10 10 125 30 50 10 10 125 0.33 50 1000 0 255 0 1 0
qey2hh1 0 12 200 200 220 800 3000 200 200 220 800 3000 200 200 220 800 3000 200 200 220 800 3000 0.33 50 3000 1 0 1 1 0
qeynos 0 1 200 200 210 100 1200 200 200 210 100 1200 200 200 210 100 1200 200 200 210 100 1200 0.33 50 1200 1 0 2 1 0
qeynos2 0 2 200 200 220 100 1200 200 200 220 100 1200 200 200 220 100 1200 200 200 220 100 1200 0.33 50 1200 1 0 2 1 0
qeytoqrg 0 4 200 200 220 500 2400 200 200 220 1000 2400 200 200 220 1000 2400 200 200 220 1000 2400 0.33 50 2400 1 0 1 1 0
qinimi 0 281 50 10 10 10 1400 50 10 10 10 1400 50 10 10 10 1400 50 10 10 10 1400 0.33 50 1400 1 0 1 1 0
qrg 0 3 180 175 183 100 1200 180 175 186 100 1200 180 175 183 100 1200 180 175 183 100 1200 0.33 50 1200 0 255 2 1 0
qvic 0 295 192 192 192 75 1300 192 192 192 75 1300 192 192 192 75 1300 192 192 0 75 1300 0.33 50 1300 1 255 1 1 0
qvicb 0 299 0 0 0 450 450 0 0 0 450 450 0 0 0 450 450 0 0 0 450 450 0.1 450 450 1 1 2 1 0
rage 0 374 230 200 200 350 2400 230 200 200 350 2400 230 200 200 350 2400 230 200 200 350 2400 0.33 50 2400 1 0 5 1 0
ragea 0 375 0 0 0 0 2000 0 0 0 0 2000 0 0 0 0 2000 0 0 0 0 2000 0.33 50 2000 0 255 0 1 0
rathechamber 0 477 30 25 10 100 1200 30 25 10 100 1200 30 25 10 100 1200 30 25 10 100 1200 0.2 50 1200 0 255 0 1 0
rathemtn 0 50 200 200 220 500 3000 200 200 220 2000 3000 200 200 220 2000 3000 200 200 220 2000 3000 0.33 50 3000 1 255 2 1 0
redfeather 0 430 200 200 220 300 2000 200 200 220 300 1000 200 200 220 300 1000 200 200 220 300 1000 0.33 300 2000 1 255 1 1 0
relic 0 370 230 200 200 350 4000 230 200 200 350 4000 230 200 200 350 4000 230 200 200 350 4000 0.33 500 4000 1 1 1 1 0
resplendent 0 729 200 200 220 500 5000 200 200 220 500 5000 200 200 220 500 5000 200 200 220 500 5000 0.33 50 5000 1 255 2 1 0
riftseekers 0 334 0 0 0 250 2250 0 0 0 250 1250 0 0 0 250 1250 0 0 0 250 1250 0.33 50 2250 0 0 0 1 0
rivervale 0 19 200 210 200 150 1600 200 210 200 100 600 200 210 200 100 600 200 210 200 10 600 0.33 50 1600 1 255 2 1 0
riwwi 0 282 50 10 10 10 1800 50 10 10 10 1800 50 10 10 10 1800 50 10 10 10 1800 0.33 50 1800 1 0 1 1 0
roost 0 398 200 200 220 600 2400 200 200 220 600 2400 200 200 220 600 2400 200 200 220 600 2400 0.33 50 2400 1 255 1 1 0
rubak 0 727 0 0 0 100 3000 0 0 0 100 3000 0 0 0 100 3000 0 0 0 100 3000 0.33 50 3000 0 0 0 1 0
ruja 0 230 134 88 48 0 1500 134 88 48 0 300 134 88 48 0 300 134 88 48 0 300 0.33 50 1500 0 255 0 0 0
rujb 0 235 134 88 48 0 2000 134 88 48 0 300 134 88 48 0 300 134 88 48 0 300 0.33 50 2000 0 255 0 0 0
rujc 0 240 134 88 48 0 2000 134 88 48 0 300 134 88 48 0 300 134 88 48 0 300 0.33 50 2000 0 255 0 0 0
rujd 0 245 134 88 48 0 2000 134 88 48 0 300 134 88 48 0 300 134 88 48 0 300 0.33 50 2000 0 255 0 0 0
rujd 50 245 134 88 48 0 2000 134 88 48 0 300 134 88 48 0 300 134 88 48 0 300 0.33 50 2000 0 255 0 0 0
ruje 0 250 134 88 48 0 2000 134 88 48 0 500 134 88 48 0 500 134 88 48 0 500 0.33 50 2000 0 255 0 0 0
rujf 0 255 134 88 48 0 2000 134 88 48 0 500 134 88 48 0 500 134 88 48 0 500 0.33 50 2000 0 255 0 0 0
rujg 0 260 134 88 48 0 1000 134 88 48 0 500 134 88 48 0 500 134 88 48 0 500 0.33 50 1000 0 255 0 0 0
rujg 50 260 134 88 48 0 1000 134 88 48 0 500 134 88 48 0 500 134 88 48 0 500 0.33 50 1000 0 255 0 0 0
rujh 0 265 134 88 48 0 1000 134 88 48 0 500 134 88 48 0 500 134 88 48 0 500 0.33 50 1000 0 255 0 0 0
ruji 0 269 134 88 48 0 2000 134 88 48 0 500 134 88 48 0 500 134 88 48 0 500 0.33 50 2000 0 255 0 0 0
rujj 0 273 134 88 48 0 2000 134 88 48 0 500 134 88 48 0 500 134 88 48 0 500 0.33 50 2000 0 255 0 0 0
rujj 50 273 134 88 48 0 450 0 0 0 450 450 0 0 0 450 450 0 0 0 450 450 0.33 50 2000 0 0 2 1 0
runnyeye 0 11 75 150 25 10 1600 75 150 25 10 600 75 150 25 10 600 75 150 25 10 600 0.16 50 1600 0 255 0 1 0
sarithcity 0 726 200 200 220 500 1800 200 200 220 500 1800 200 200 220 500 1800 200 200 220 500 1800 0.33 50 1800 1 255 2 1 0
scarlet 0 175 220 20 20 10 2000 220 20 20 100 1000 220 20 20 100 1000 220 20 20 100 1000 0.16 50 2000 1 255 1 1 0
sebilis 0 89 20 10 60 50 2000 20 60 10 50 600 20 60 10 50 600 20 60 10 50 600 0.33 50 2000 0 255 0 0 0
sepulcher 0 733 0 0 0 100 3000 0 0 0 100 3000 0 0 0 100 3000 0 0 0 100 3000 0.33 50 3000 0 0 0 1 0
shadeweaver 0 165 11 76 122 200 2000 11 76 122 200 1500 11 76 122 200 1500 11 76 122 200 1500 0.33 50 2000 1 255 1 1 0
shadowhaven 0 150 0 0 0 200 2050 0 0 0 200 1050 0 0 0 200 1050 0 0 0 200 1050 0.33 50 2050 0 255 3 0 0
shadowrest 0 187 0 0 0 450 450 0 0 0 450 450 0 0 0 450 450 0 0 0 450 450 0.1 450 450 1 1 2 1 0
shadowspine 0 364 100 100 140 100 7000 100 100 140 100 7000 100 100 140 100 7000 100 100 140 100 7000 0.33 50 7000 0 255 0 1 0
shadowspine 1 364 100 100 140 100 450 0 0 0 450 450 0 0 0 450 450 0 0 0 450 450 0.33 50 7000 0 0 2 1 0
shardslanding 0 752 200 200 220 1750 3000 200 200 220 1750 3000 200 200 220 1750 3000 200 200 220 1750 3000 0.33 500 3000 1 255 1 1 0
sharvahl 0 155 5 5 5 50 1000 5 5 5 50 1000 5 5 5 50 1000 5 5 5 50 1000 0.33 50 1000 1 255 2 1 0
shiningcity 0 484 20 100 150 100 15000 20 100 150 100 15000 20 100 150 100 15000 20 100 150 100 15000 0.33 500 9999 0 0 1 1 0
shipmvm 0 435 200 200 220 300 1000 200 200 220 300 1000 200 200 220 300 1000 200 200 220 300 1000 0.33 300 1000 1 255 1 1 0
shipmvp 0 431 200 200 220 300 1000 200 200 220 300 1000 200 200 220 300 1000 200 200 220 300 1000 0.33 300 1000 1 255 1 1 0
shipmvu 0 432 200 200 220 300 1000 200 200 220 300 1000 200 200 220 300 1000 200 200 220 300 1000 0.33 300 1000 1 255 1 1 0
shippvu 0 433 200 200 220 300 1000 200 200 220 300 1000 200 200 220 300 1000 200 200 220 300 1000 0.33 300 1000 1 255 1 1 0
shipuvu 0 434 200 200 220 300 1000 200 200 220 300 1000 200 200 220 300 1000 200 200 220 300 1000 0.33 300 1000 1 255 1 1 0
shipworkshop 0 439 200 200 220 1000 4400 200 200 220 1000 4400 200 200 220 1000 4400 200 200 220 1000 4400 0.33 150 4400 1 255 1 1 0
silyssar 0 420 200 200 220 600 2400 200 200 220 600 2400 200 200 220 600 2400 200 200 220 600 2400 0.33 300 2400 1 255 0 1 0
sirens 0 125 30 100 130 10 500 30 100 130 10 500 30 100 130 10 500 30 100 130 10 500 0.33 300 600 0 0 0 0 0
sirens 1 125 30 100 130 10 1000 30 100 130 10 600 30 100 130 10 600 30 100 130 10 600 0.33 50 1000 0 0 0 0 0
skyfire 0 91 235 200 200 10 1800 235 200 200 10 1800 235 200 200 10 1800 235 200 200 10 1800 0.33 50 1800 1 255 1 1 0
skylance 0 371 230 200 200 350 2400 230 200 200 350 2400 230 200 200 350 2400 230 200 200 350 2400 0.33 50 2400 0 255 0 1 0
skyshrine 0 114 25 35 45 10 1000 25 35 45 10 250 25 35 45 10 250 25 35 45 10 250 0.33 50 1000 0 255 0 1 0
sleeper 0 128 80 80 220 400 1000 80 80 220 400 1000 80 80 220 400 1000 80 80 220 400 1000 0.33 50 1000 0 255 0 0 0
sleeper 1 128 80 80 220 400 1000 80 80 220 400 1000 80 80 220 400 1000 80 80 220 400 1000 0.33 50 1000 0 255 0 0 0
sleeper 2 128 80 80 220 400 1000 80 80 220 400 1000 80 80 220 400 1000 80 80 220 400 1000 0.33 50 1000 0 255 0 0 0
sncrematory 0 288 50 70 0 5 1700 50 70 0 5 700 50 70 0 5 700 50 70 0 5 700 0.1 50 1700 0 255 0 0 0
snlair 0 286 50 70 0 5 1700 50 70 0 5 700 50 70 0 5 700 50 70 0 5 700 0.1 50 1700 0 255 0 0 0
snplant 0 287 50 70 0 5 1700 50 70 0 5 700 50 70 0 5 700 50 70 0 5 700 0.1 50 1700 0 255 0 0 0
snpool 0 285 50 70 0 5 1700 50 70 0 5 700 50 70 0 5 700 50 70 0 5 700 0.1 50 1700 0 255 0 0 0
soldunga 0 31 180 30 30 10 1600 180 30 30 10 100 180 30 30 10 100 180 30 30 10 100 0.33 50 1600 0 255 0 0 0
soldungb 0 32 180 30 30 10 1600 180 30 30 10 350 180 30 30 10 350 180 30 30 10 350 0.33 50 1600 0 255 0 0 0
soldungc 0 278 180 30 30 10 350 180 30 30 10 350 180 30 30 10 350 180 30 30 10 350 0.1 350 500 1 255 0 0 0
solrotower 0 212 51 0 0 600 1400 51 0 0 600 1400 51 0 0 600 1400 51 0 0 600 1400 0.33 50 1400 0 255 0 0 0
soltemple 0 80 180 5 5 50 1500 180 5 5 50 500 180 5 5 50 500 180 5 5 50 500 0.33 50 1500 0 255 0 0 0
solteris 0 421 200 200 220 600 2400 200 200 220 600 2400 200 200 220 600 2400 200 200 220 600 2400 0.33 50 2400 1 255 0 1 0
somnium 0 708 0 0 0 600 2000 0 0 0 600 2000 0 0 0 600 2000 0 0 0 600 2000 0.33 50 1000 1 0 4 1 0
southkarana 0 14 200 200 220 800 3000 200 200 220 800 3000 200 200 220 800 3000 200 200 220 800 3000 0.33 50 3000 1 0 1 1 0
southro 0 393 250 250 100 1000 3000 250 250 180 1000 3000 250 250 180 1000 3000 250 250 180 1000 3000 0.33 500 3000 1 1 1 1 0
sro 0 35 250 250 180 10 800 250 250 180 10 800 250 250 180 10 800 250 250 180 10 800 0.1 600 1400 2 255 2 1 0
sseru 0 159 72 72 72 200 1000 72 72 72 200 800 72 72 72 200 800 72 72 72 200 800 0.33 50 1000 1 255 2 1 0
ssratemple 0 162 0 0 0 10 1200 0 0 0 10 500 0 0 0 10 500 0 0 0 10 500 0.33 50 1200 0 255 0 0 0
steamfactory 0 438 44 44 44 400 1100 44 44 44 400 1100 44 44 44 400 1100 44 44 44 400 1100 0.33 1050 1100 1 255 0 1 0
steamfont 0 56 200 200 220 10 800 200 200 220 10 800 200 200 220 10 800 200 200 220 10 800 0.1 600 800 1 255 2 1 0
steamfontmts 0 448 200 200 220 1250 2500 200 200 220 1250 2500 200 200 220 1250 2500 200 200 220 1250 2500 0.33 500 2500 1 255 1 1 0
steppes 0 399 200 200 220 600 2400 200 200 220 600 2400 200 200 220 600 2400 200 200 220 600 2400 0.33 50 2400 1 255 1 1 0
stillmoona 0 338 25 75 25 300 2400 25 75 25 300 2400 25 75 25 300 2400 25 75 25 300 2400 0.1 300 1800 1 255 0 1 0
stillmoona 1 338 25 75 25 300 450 0 0 0 450 450 0 0 0 450 450 0 0 0 450 450 0.33 50 1800 1 0 2 1 0
stillmoona 2 338 25 75 25 300 450 0 0 0 450 450 0 0 0 450 450 0 0 0 450 450 0.33 50 1800 1 0 2 1 0
stillmoona 3 338 25 75 25 300 450 0 0 0 450 450 0 0 0 450 450 0 0 0 450 450 0.33 50 1800 1 0 2 1 0
stillmoona 4 338 25 75 25 300 450 0 0 0 450 450 0 0 0 450 450 0 0 0 450 450 0.33 50 1800 1 0 2 1 0
stillmoona 5 338 25 75 25 300 450 0 0 0 450 450 0 0 0 450 450 0 0 0 450 450 0.33 50 1800 1 0 2 1 0
stillmoona 6 338 25 75 25 300 450 0 0 0 450 450 0 0 0 450 450 0 0 0 450 450 0.33 50 1800 1 0 2 1 0
stillmoona 7 338 25 75 25 300 450 0 0 0 450 450 0 0 0 450 450 0 0 0 450 450 0.33 50 1800 1 0 2 1 0
stillmoona 8 338 25 75 25 300 450 0 0 0 450 450 0 0 0 450 450 0 0 0 450 450 0.33 50 1800 1 0 2 1 0
stillmoona 9 338 25 75 25 300 450 0 0 0 450 450 0 0 0 450 450 0 0 0 450 450 0.33 50 1800 1 0 2 1 0
stillmoonb 0 339 25 75 25 300 2400 25 75 25 300 2400 25 75 25 300 2400 25 75 25 300 2400 0.1 300 1800 1 255 1 1 0
stillmoonb 1 339 25 75 25 300 2400 25 75 25 300 2400 25 75 25 300 2400 25 75 25 300 2400 0.1 300 1800 1 255 1 1 0
stillmoonb 2 339 25 75 25 300 2400 25 75 25 300 2400 25 75 25 300 2400 25 75 25 300 2400 0.1 300 1800 1 255 1 1 0
stillmoonb 3 339 25 75 25 300 450 0 0 0 450 450 0 0 0 450 450 0 0 0 450 450 0.33 50 1800 1 1 2 1 0
stillmoonb 4 339 25 75 25 300 450 0 0 0 450 450 0 0 0 450 450 0 0 0 450 450 0.33 50 1800 1 1 2 1 0
stillmoonb 5 339 25 75 25 300 450 0 0 0 450 450 0 0 0 450 450 0 0 0 450 450 0.33 50 1800 1 1 2 1 0
stillmoonb 6 339 25 75 25 300 450 0 0 0 450 450 0 0 0 450 450 0 0 0 450 450 0.33 50 1800 1 1 2 1 0
stillmoonb 7 339 25 75 25 300 450 0 0 0 450 450 0 0 0 450 450 0 0 0 450 450 0.33 50 1800 1 1 2 1 0
stonebrunt 0 100 235 235 235 10 1400 235 235 235 10 1400 235 235 235 10 1400 235 235 235 10 1400 0.33 50 1400 0 255 1 1 0
stonehive 0 396 200 200 220 600 2400 200 200 220 600 2400 200 200 220 600 2400 200 200 220 600 2400 0.33 50 2400 1 255 1 1 0
stonesnake 0 489 0 0 0 100 1200 0 0 0 100 1200 0 0 0 100 1200 0 0 0 100 1200 0.33 50 1200 1 255 0 1 0
suncrest 0 426 200 200 220 300 1000 200 200 220 300 1000 200 200 220 300 1000 200 200 220 300 1000 0.33 300 1000 1 255 1 1 0
sunderock 0 403 200 200 220 600 2400 200 200 220 600 2400 200 200 220 600 2400 200 200 220 600 2400 0.33 50 2400 1 255 1 1 0
swampofnohope 0 83 210 200 210 10 1000 210 200 210 10 500 210 200 210 10 500 210 200 210 10 500 0.33 50 1000 0 255 1 1 0
tacvi 0 298 50 10 10 10 800 50 10 10 10 800 50 10 10 10 800 50 10 10 10 800 0.1 800 1800 0 0 0 1 0
taka 0 231 200 100 100 1 450 0 0 0 450 450 0 0 0 450 450 0 0 0 450 450 0.33 50 1075 0 0 2 1 0
takb 0 236 200 100 100 1 1075 200 100 100 1 375 200 100 100 1 375 200 100 100 1 375 0.33 50 1075 0 255 0 0 0
takc 0 241 200 100 100 1 1075 200 100 100 1 375 200 100 100 1 375 200 100 100 1 375 0.33 50 1075 0 255 0 0 0
takd 0 246 200 100 100 1 1075 200 100 100 1 375 200 100 100 1 375 200 100 100 1 375 0.33 50 1075 0 255 0 0 0
take 0 251 200 100 100 25 1075 200 100 100 25 300 200 100 100 25 300 200 100 100 25 300 0.33 50 1075 0 255 0 0 0
take 1 251 200 100 100 25 450 0 0 0 450 450 0 0 0 450 450 0 0 0 450 450 0.33 50 1075 0 0 2 1 0
takf 0 256 200 100 100 25 1075 200 100 100 25 300 200 100 100 25 300 200 100 100 25 300 0.33 50 1075 0 255 0 0 0
takg 0 261 200 100 100 25 1075 200 100 100 25 300 200 100 100 25 300 200 100 100 25 300 0.33 50 1075 0 255 0 0 0
takh 0 266 200 100 100 25 1075 200 100 100 25 400 200 100 100 25 400 200 100 100 25 400 0.33 50 1075 0 255 0 0 0
taki 0 270 200 100 100 25 1075 200 100 100 25 400 200 100 100 25 400 200 100 100 25 400 0.33 50 1075 0 255 0 0 0
takishruins 0 376 230 200 200 350 1075 230 200 200 350 2400 230 200 200 350 2400 230 200 200 350 2400 0.33 250 2400 0 1 1 1 0
takishruinsa 0 377 230 200 200 350 1075 230 200 200 350 2400 230 200 200 350 2400 230 200 200 350 2400 0.33 50 2400 0 255 0 1 0
takj 0 274 200 100 100 25 1075 200 100 100 25 375 200 100 100 25 375 200 100 100 25 375 0.33 50 1075 0 255 0 0 0
templeveeshan 0 124 60 10 10 30 1200 60 10 10 30 1200 60 10 10 30 1200 60 10 10 30 1200 0.33 50 1200 0 255 0 0 0
tenebrous 0 172 45 4 65 10 1400 45 4 65 10 1400 45 4 65 10 1400 45 4 65 10 1400 0.33 50 1400 1 255 1 1 0
thalassius 0 417 200 200 220 600 2400 200 200 220 600 2400 200 200 220 600 2400 200 200 220 600 2400 0.33 300 2400 1 255 0 1 0
theater 0 380 230 200 200 350 2500 230 200 200 350 2500 230 200 200 350 2500 230 200 200 350 2500 0.33 50 2500 1 255 1 1 0
theatera 0 381 0 0 0 0 2500 0 0 0 0 2500 0 0 0 0 2500 0 0 0 0 2500 0.33 50 2500 0 255 0 1 0
thedeep 0 164 50 50 50 100 1400 50 50 50 100 1400 50 50 50 100 1400 50 50 50 100 1400 0.33 50 1400 0 255 0 0 0
thegrey 0 171 24 24 24 100 1400 24 24 24 100 1400 24 24 24 100 1400 24 24 24 100 1400 0.33 50 1400 1 255 1 1 0
thenest 0 343 25 75 25 300 2400 25 75 25 300 2400 25 75 25 300 2400 25 75 25 300 2400 0.1 300 1800 1 255 0 1 0
thenest 1 343 25 75 25 300 450 0 0 0 450 450 0 0 0 450 450 0 0 0 450 450 0.33 50 1800 0 0 2 1 0
thenest 3 343 25 75 25 300 2400 25 75 25 300 2400 25 75 25 300 2400 25 75 25 300 2400 0.1 300 1800 1 255 0 1 0
thenest 4 343 25 75 25 300 450 0 0 0 450 450 0 0 0 450 450 0 0 0 450 450 0.33 50 1800 0 0 2 1 0
thenest 5 343 25 75 25 300 450 0 0 0 450 450 0 0 0 450 450 0 0 0 450 450 0.33 50 1800 0 0 2 1 0
thenest 6 343 25 75 25 300 450 0 0 0 450 450 0 0 0 450 450 0 0 0 450 450 0.33 50 1800 0 0 2 1 0
thenest 7 343 25 75 25 300 450 0 0 0 450 450 0 0 0 450 450 0 0 0 450 450 0.33 50 1800 0 0 2 1 0
thenest 8 343 25 75 25 300 450 0 0 0 450 450 0 0 0 450 450 0 0 0 450 450 0.33 50 1800 0 0 2 1 0
thenest 9 343 25 75 25 300 450 0 0 0 450 450 0 0 0 450 450 0 0 0 450 450 0.33 50 1800 0 0 2 1 0
thenest 10 343 25 75 25 300 450 0 0 0 450 450 0 0 0 450 450 0 0 0 450 450 0.33 50 1800 0 0 2 1 0
thenest 11 343 25 75 25 300 450 0 0 0 450 450 0 0 0 450 450 0 0 0 450 450 0.33 50 1800 0 0 2 1 0
thenest 12 343 25 75 25 300 450 0 0 0 450 450 0 0 0 450 450 0 0 0 450 450 0.33 50 1800 0 0 2 1 0
thenest 13 343 25 75 25 300 450 0 0 0 450 450 0 0 0 450 450 0 0 0 450 450 0.33 50 1800 0 0 2 1 0
thenest 14 343 25 75 25 300 450 0 0 0 450 450 0 0 0 450 450 0 0 0 450 450 0.33 50 1800 0 0 2 1 0
thenest 15 343 25 75 25 300 450 0 0 0 450 450 0 0 0 450 450 0 0 0 450 450 0.33 50 1800 0 0 2 1 0
thenest 16 343 25 75 25 300 450 0 0 0 450 450 0 0 0 450 450 0 0 0 450 450 0.33 50 1800 0 0 2 1 0
thevoida 0 459 120 140 100 10000 11000 120 140 100 10000 11000 120 140 100 10000 11000 120 140 100 10000 11000 0.33 50 8000 0 255 1 1 0
thevoidb 0 460 120 140 100 10000 11000 120 140 100 10000 11000 120 140 100 10000 11000 120 140 100 10000 11000 0.33 50 8000 0 255 1 1 0
thevoidc 0 461 120 140 100 10000 11000 120 140 100 10000 11000 120 140 100 10000 11000 120 140 100 10000 11000 0.33 50 8000 0 255 1 1 0
thevoidd 0 462 120 140 100 10000 11000 120 140 100 10000 11000 120 140 100 10000 11000 120 140 100 10000 11000 0.33 50 8000 0 255 1 1 0
thevoide 0 463 120 140 100 10000 11000 120 140 100 10000 11000 120 140 100 10000 11000 120 140 100 10000 11000 0.33 50 8000 0 255 1 1 0
thevoidf 0 464 120 140 100 10000 11000 120 140 100 10000 11000 120 140 100 10000 11000 120 140 100 10000 11000 0.33 50 8000 0 255 1 1 0
thevoidg 0 465 120 140 100 10000 11000 120 140 100 10000 11000 120 140 100 10000 11000 120 140 100 10000 11000 0.33 50 8000 0 255 1 1 0
thuledream 0 711 255 50 10 10 1400 255 50 10 10 1400 255 50 10 10 1400 90 20 20 10 1400 0.33 50 1400 1 255 1 1 0
thulehouse1 0 701 230 200 200 350 2400 230 200 200 350 2400 230 200 200 350 2400 230 200 200 350 2400 0.33 50 2400 1 255 2 1 0
thulehouse2 0 702 230 200 200 350 2400 230 200 200 350 2400 230 200 200 350 2400 230 200 200 350 2400 0.33 50 2400 1 255 2 1 0
thulelibrary 0 704 0 0 0 0 1000 0 0 0 0 600 0 0 0 0 600 0 0 0 0 600 0.33 50 1000 1 0 4 1 0
thundercrest 0 340 25 75 25 300 450 0 0 0 450 450 0 0 0 450 450 0 0 0 450 450 0.33 50 1800 1 1 2 1 0
thundercrest 1 340 25 75 25 300 450 0 0 0 450 450 0 0 0 450 450 0 0 0 450 450 0.33 50 1800 1 1 2 1 0
thundercrest 2 340 25 75 25 300 450 0 0 0 450 450 0 0 0 450 450 0 0 0 450 450 0.33 50 1800 1 1 2 1 0
thundercrest 3 340 25 75 25 300 450 0 0 0 450 450 0 0 0 450 450 0 0 0 450 450 0.33 50 1800 1 1 2 1 0
thundercrest 4 340 25 75 25 300 450 0 0 0 450 450 0 0 0 450 450 0 0 0 450 450 0.33 50 1800 1 1 2 1 0
thundercrest 5 340 25 75 25 300 450 0 0 0 450 450 0 0 0 450 450 0 0 0 450 450 0.33 50 1800 1 1 2 1 0
thundercrest 6 340 25 75 25 300 450 0 0 0 450 450 0 0 0 450 450 0 0 0 450 450 0.33 50 1800 1 1 2 1 0
thundercrest 7 340 25 75 25 300 450 0 0 0 450 450 0 0 0 450 450 0 0 0 450 450 0.33 50 1800 1 1 2 1 0
thundercrest 8 340 25 75 25 300 450 0 0 0 450 450 0 0 0 450 450 0 0 0 450 450 0.33 50 1800 1 1 2 1 0
thundercrest 9 340 25 75 25 300 450 0 0 0 450 450 0 0 0 450 450 0 0 0 450 450 0.33 50 1800 1 1 2 1 0
thundercrest 10 340 25 75 25 300 450 0 0 0 450 450 0 0 0 450 450 0 0 0 450 450 0.33 50 1800 1 1 2 1 0
thundercrest 11 340 25 75 25 300 450 0 0 0 450 450 0 0 0 450 450 0 0 0 450 450 0.33 50 1800 1 1 2 1 0
thundercrest 12 340 25 75 25 300 450 0 0 0 450 450 0 0 0 450 450 0 0 0 450 450 0.33 50 1800 1 1 2 1 0
thundercrest 13 340 25 75 25 300 450 0 0 0 450 450 0 0 0 450 450 0 0 0 450 450 0.33 50 1800 1 1 2 1 0
thundercrest 14 340 25 75 25 300 450 0 0 0 450 450 0 0 0 450 450 0 0 0 450 450 0.33 50 1800 1 1 2 1 0
thundercrest 15 340 25 75 25 300 450 0 0 0 450 450 0 0 0 450 450 0 0 0 450 450 0.33 50 1800 1 1 2 1 0
thurgadina 0 115 25 25 25 100 1200 25 25 25 100 600 25 25 25 300 600 25 25 25 100 600 0.33 50 1200 0 255 3 1 0
thurgadinb 0 129 25 25 25 100 1200 25 25 25 100 600 25 25 25 100 600 25 25 25 100 600 0.33 50 1200 0 255 0 1 0
timorous 0 96 225 225 230 1000 2400 225 225 230 1000 2400 225 225 230 1000 2400 225 225 230 1000 2400 0.33 50 2400 1 255 1 1 0
tipt 0 289 50 10 10 10 1800 50 10 10 10 1800 50 10 10 10 1800 50 10 10 10 1800 0.33 50 1800 1 0 1 1 0
torgiran 0 226 10 10 10 200 1000 10 10 10 200 600 10 10 10 200 600 10 10 10 200 600 0.33 50 1000 0 255 0 0 0
toskirakk 0 475 30 25 10 10 1200 30 25 10 10 300 30 25 10 10 300 30 25 10 10 300 0.2 100 1500 0 255 0 1 0
tox 0 38 220 200 30 50 250 220 200 30 50 250 220 200 30 50 250 220 200 30 50 250 0.1 200 300 0 255 2 1 0
toxxulia 0 414 80 90 70 10 2500 80 90 70 10 800 80 90 70 10 800 80 90 70 10 800 0.33 50 2500 0 255 1 1 0
trakanon 0 95 210 235 213 10 2500 210 235 213 10 500 210 235 213 10 500 210 235 213 10 500 0.33 50 2500 0 255 1 1 0
tutorial 0 183 0 0 0 500 2000 0 0 0 500 2000 0 0 0 500 2000 0 0 0 500 2000 0.1 1500 2000 0 255 2 1 0
tutoriala 0 188 0 0 0 450 450 0 0 0 450 450 0 0 0 450 450 0 0 0 450 450 0.1 450 450 1 1 2 1 0
tutorialb 0 189 0 0 160 75 1000 0 0 0 450 450 0 0 0 450 450 0 0 0 450 450 0.1 450 1000 0 1 2 1 0
twilight 0 170 0 0 0 200 1500 0 0 0 200 1500 0 0 0 200 1500 0 0 0 200 1500 0.33 50 1500 1 255 1 1 0
txevu 0 297 50 10 10 800 1200 50 10 10 800 1200 50 10 10 800 1200 50 10 10 800 1200 0.33 50 1200 0 0 0 0 0
umbral 0 176 30 10 30 10 2400 30 10 30 10 2400 30 10 30 10 2400 30 10 30 10 2400 0.33 50 2400 1 255 1 1 0
underquarry 0 482 0 0 0 100 900 0 0 0 100 400 0 0 0 100 400 0 0 0 100 400 0.33 50 400 1 255 0 1 0
unrest 0 63 40 10 60 10 1000 40 10 60 10 500 40 10 60 10 500 40 10 60 10 500 0.33 50 1000 0 255 5 1 0
uqua 0 292 50 10 10 10 1600 50 10 10 10 1600 50 10 10 10 1600 50 10 10 10 1600 0.33 50 1600 0 0 0 0 0
valdeholm 0 401 200 200 220 600 2400 200 200 220 600 2400 200 200 220 600 2400 200 200 220 600 2400 0.33 466 2400 1 255 1 1 0
veeshan 0 108 50 0 0 100 1200 50 0 0 100 1200 50 0 0 100 1200 50 0 0 100 1200 0.33 50 1200 0 255 5 0 0
veksar 0 109 75 0 150 50 1200 75 0 150 10 350 75 0 150 10 350 75 0 150 10 350 0.33 50 1200 0 255 0 0 0
velketor 0 112 10 130 130 10 1000 10 130 130 10 600 10 130 130 10 600 10 130 130 10 600 0.33 50 1000 0 255 0 0 0
vergalid 0 404 50 50 50 50 1600 50 50 50 50 600 50 50 50 50 600 50 50 50 50 600 0.33 50 1600 0 255 0 1 0
vexthal 0 158 90 110 60 100 1000 90 110 60 100 1000 90 110 60 100 1000 90 110 60 100 1000 0.33 50 1000 0 255 5 0 0
vxed 0 290 50 10 10 10 1200 50 10 10 10 1200 50 10 10 10 1200 50 10 10 10 1200 0.33 50 1200 1 0 1 1 0
vxed 1 290 50 10 10 10 1200 50 10 10 10 1200 50 10 10 10 1200 50 10 10 10 1200 0.33 50 1200 1 0 1 1 0
wakening 0 119 254 254 254 100 1000 254 254 254 100 1000 254 254 254 100 1000 254 254 254 100 1000 0.33 50 1000 0 255 1 1 0
wallofslaughter 0 300 134 88 48 100 1800 134 88 48 100 1800 134 88 48 100 1800 134 88 48 100 1800 0.33 50 1800 1 255 1 1 0
warrens 0 101 0 15 0 100 800 0 15 0 100 800 0 15 0 100 800 0 15 0 100 800 0.33 50 800 0 255 0 0 0
warslikswood 0 79 210 235 210 10 1500 210 235 210 10 800 210 235 210 10 800 210 235 210 10 800 0.33 50 1500 0 255 1 1 0
weddingchapel 0 493 0 0 0 0 0 0 0 0 0 0 0 0 0 0 0 0 0 0 0 0 0.33 50 1200 255 0 1 1 0
weddingchapeldark 0 494 0 0 0 0 0 0 0 0 0 0 0 0 0 0 0 0 0 0 0 0 0.33 50 1200 255 0 1 1 0
well 0 705 50 100 90 100 1000 50 100 90 100 700 50 100 90 100 700 50 100 90 100 700 0.33 50 1000 1 255 0 1 0
westkorlach 0 358 0 0 0 300 2400 0 0 0 300 2400 0 0 0 300 2400 0 0 0 300 2400 0.33 300 2400 1 255 1 1 0
westkorlach 1 358 0 0 0 300 450 0 0 0 450 450 0 0 0 450 450 0 0 0 450 450 0.33 50 2400 1 1 2 1 0
westkorlach 2 358 0 0 0 300 450 0 0 0 450 450 0 0 0 450 450 0 0 0 450 450 0.33 50 2400 1 1 2 1 0
westkorlach 3 358 0 0 0 300 450 0 0 0 450 450 0 0 0 450 450 0 0 0 450 450 0.33 50 2400 1 1 2 1 0
westkorlacha 0 359 0 0 0 300 3800 0 0 0 300 3800 0 0 0 300 3800 0 0 0 300 3800 0.33 50 3800 0 255 0 1 0
westkorlacha 1 359 0 0 0 300 450 0 0 0 450 450 0 0 0 450 450 0 0 0 450 450 0.33 50 3800 0 0 2 1 0
westkorlacha 2 359 0 0 0 300 450 0 0 0 450 450 0 0 0 450 450 0 0 0 450 450 0.33 50 3800 0 0 2 1 0
westkorlacha 3 359 100 100 140 300 450 0 0 0 450 450 0 0 0 450 450 0 0 0 450 450 0.33 50 1800 0 0 2 1 0
westkorlachb 0 360 100 100 140 300 1800 100 100 140 300 1800 100 100 140 300 1800 100 100 140 300 1800 0.33 50 1800 0 255 0 1 0
westkorlachb 1 360 100 100 140 300 450 0 0 0 450 450 0 0 0 450 450 0 0 0 450 450 0.33 50 1800 0 0 2 1 0
westkorlachc 0 361 100 100 140 300 1800 100 100 140 300 1800 100 100 140 300 1800 100 100 140 300 1800 0.33 50 1800 0 255 0 1 0
westkorlachc 1 361 100 100 140 300 450 0 0 0 450 450 0 0 0 450 450 0 0 0 450 450 0.33 50 1800 0 0 2 1 0
westkorlachc 2 361 100 100 140 300 450 0 0 0 450 450 0 0 0 450 450 0 0 0 450 450 0.33 50 1800 0 0 2 1 0
westkorlachc 3 361 100 100 140 300 450 0 0 0 450 450 0 0 0 450 450 0 0 0 450 450 0.33 50 1800 0 0 2 1 0
westkorlachc 4 361 100 100 140 300 450 0 0 0 450 450 0 0 0 450 450 0 0 0 450 450 0.33 50 1800 0 0 2 1 0
westkorlachc 5 361 100 100 140 300 450 0 0 0 450 450 0 0 0 450 450 0 0 0 450 450 0.33 50 1800 0 0 2 1 0
westkorlachc 6 361 100 100 140 300 450 0 0 0 450 450 0 0 0 450 450 0 0 0 450 450 0.33 50 1800 0 0 2 1 0
westsepulcher 0 735 0 0 0 100 3000 0 0 0 100 3000 0 0 0 100 3000 0 0 0 100 3000 0.33 50 3000 0 0 0 1 0
westwastes 0 120 128 128 160 1000 3000 128 128 160 1000 3000 128 128 160 1000 3000 128 128 160 1000 3000 0.33 50 3000 1 255 1 1 0
windsong 0 731 200 200 220 100 3000 200 200 220 100 3000 200 200 220 100 3000 200 200 220 100 3000 0.33 50 3000 1 255 2 1 0
xorbb 0 753 200 200 220 500 5000 200 200 220 500 5000 200 200 220 500 5000 200 200 220 500 5000 0.33 500 5000 1 255 2 1 0
yxtta 0 291 50 10 10 10 1800 50 10 10 10 1800 50 10 10 10 1800 10 10 0 10 1800 0.33 50 1800 1 0 1 1 0
zhisza 0 419 200 200 220 600 2400 200 200 220 600 2400 200 200 220 600 2400 200 200 220 600 2400 0.33 300 2400 1 255 0 1 0
