# Original EQGraphicsDX9.dll 615e7ba9e20745ec03a908cf47c038cc764358ad820d9d4d3232734fadff5383
# Generated by /tmp/openeq-sky-oracle-fixture.py, SHA-256 4f4f27f99e23e8742e1a66be3099bf3826e6714b4675fdba5e26de1e1d71c574
# ColorSet | ordered fixed day ticks | CRC32 of each LE u32 tick then 4096 sampled RGBA bytes
# 78 resolvable installed sets; 1131 full-table native samples. No original texture bytes.
colorset-defaultclear|0,15398,15399,15400,16545,17690,17691,17692,18349,18350,18351,19004,19658,19659,19660,32768,45874,45875,45876,46529,47183,47184,47185,48494,48495,48496,49478,50460,50461,50462,65535|a05339d0
colorset-defaultclearcloud|0,15235,15236,15237,15890,16544,16545,16546,18349,18350,18351,19004,19658,19659,19660,32768,45874,45875,45876,46529,47183,47184,47185,48987,48988,48989,49642,50296,50297,50298,65535|ac950142
colorset-defaultrain|0,15398,15399,15400,16545,17690,17691,17692,18349,18350,18351,19004,19658,19659,19660,32768,45874,45875,45876,46529,47183,47184,47185,48494,48495,48496,49478,50460,50461,50462,65535|d032cd65
colorset-defaultraincloud|0,15563,15564,15565,16218,16872,16873,16874,18349,18350,18351,19004,19658,19659,19660,32768,45874,45875,45876,46529,47183,47184,47185,48494,48495,48496,49149,49803,49804,49805,65535|2f5ea615
colorset-omensclear|0,15398,15399,15400,16545,17690,17691,17692,18349,18350,18351,19004,19658,19659,19660,32768,45874,45875,45876,46529,47183,47184,47185,48494,48495,48496,49478,50460,50461,50462,65535|929c38d8
colorset-omensclearcloud|0,15235,15236,15237,15890,16544,16545,16546,18349,18350,18351,19004,19658,19659,19660,32768,45874,45875,45876,46529,47183,47184,47185,48987,48988,48989,49642,50296,50297,50298,65535|602bc609
colorset-omensclearcloud-1|0,15235,15236,15237,15890,16544,16545,16546,18349,18350,18351,19004,19658,19659,19660,32768,45874,45875,45876,46529,47183,47184,47185,48987,48988,48989,49642,50296,50297,50298,65535|eec884ba
colorset-omensclearcloud-2|0,15235,15236,15237,15890,16544,16545,16546,18349,18350,18351,19004,19658,19659,19660,32768,45874,45875,45876,46529,47183,47184,47185,48987,48988,48989,49642,50296,50297,50298,65535|2ac0a321
colorset-omensrain|0,15398,15399,15400,16545,17690,17691,17692,18349,18350,18351,19004,19658,19659,19660,32768,45874,45875,45876,46529,47183,47184,47185,48494,48495,48496,49478,50460,50461,50462,65535|ac4d32e0
colorset-omensraincloud|0,15563,15564,15565,16218,16872,16873,16874,18349,18350,18351,19004,19658,19659,19660,32768,45874,45875,45876,46529,47183,47184,47185,48494,48495,48496,49149,49803,49804,49805,65535|54c630e4
colorset-omensraincloud-1|0,15563,15564,15565,16218,16872,16873,16874,18349,18350,18351,19004,19658,19659,19660,32768,45874,45875,45876,46529,47183,47184,47185,48494,48495,48496,49149,49803,49804,49805,65535|54d5aba7
colorset-luclindawn|0,15398,15399,15400,16545,17690,17691,17692,32768,65535|4bd0009c
colorset-luclindawn-1|0,15235,15236,15237,15890,16544,16545,16546,32768,65535|5dbb78a8
colorset-luclindawn-2|0,15235,15236,15237,15890,16544,16545,16546,32768,65535|f49e353e
colorset-luclindawn-3|0,15235,15236,15237,15890,16544,16545,16546,32768,65535|5ccc9ead
colorset-luclindawn-4|0,15235,15236,15237,15890,16544,16545,16546,32768,65535|b23a143e
colorset-luclindawn-5|0,15235,15236,15237,15890,16544,16545,16546,32768,65535|137cd671
colorset-luclindawn-6|0,15235,15236,15237,15890,16544,16545,16546,32768,65535|a0d0f5e4
colorset-luclinday-0|0,15398,15399,15400,16545,17690,17691,17692,32768,65535|709c0015
colorset-luclinday-1|0,15235,15236,15237,15890,16544,16545,16546,32768,65535|5dbb78a8
colorset-luclinday-2|0,15235,15236,15237,15890,16544,16545,16546,32768,65535|5dbb78a8
colorset-luclinday-3|0,15235,15236,15237,15890,16544,16545,16546,32768,65535|137cd671
colorset-luclinday-4|0,15235,15236,15237,15890,16544,16545,16546,32768,65535|e85d040e
colorset-luclindusk-0|0,15398,15399,15400,16545,17690,17691,17692,32768,65535|1cde89f6
colorset-luclindusk-1|0,15235,15236,15237,15890,16544,16545,16546,32768,65535|337848d5
colorset-luclindusk-2|0,15235,15236,15237,15890,16544,16545,16546,32768,65535|1a6342dd
colorset-luclindusk-3|0,15235,15236,15237,15890,16544,16545,16546,32768,65535|137cd671
colorset-luclindusk-4|0,15235,15236,15237,15890,16544,16545,16546,32768,65535|b4c73bca
colorset-luclindusk-5|0,15235,15236,15237,15890,16544,16545,16546,32768,65535|3f3edc85
colorset-luclinnight-0|0,15398,15399,15400,16545,17690,17691,17692,32768,65535|5b4085bf
colorset-luclinnight-1|0,15235,15236,15237,15890,16544,16545,16546,32768,65535|0e343fa4
colorset-luclinnight-2|0,15235,15236,15237,15890,16544,16545,16546,32768,65535|0e343fa4
colorset-luclinnight-3|0,15235,15236,15237,15890,16544,16545,16546,32768,65535|b23a143e
colorset-luclinnight-4|0,15235,15236,15237,15890,16544,16545,16546,32768,65535|137cd671
colorset-luclinnight-5|0,15235,15236,15237,15890,16544,16545,16546,32768,65535|8ddd84a3
colorset-omens-0|0,15398,15399,15400,16545,17690,17691,17692,32768,65535|16dad222
colorset-omens-1|0,15235,15236,15237,15890,16544,16545,16546,32768,65535|280f672f
colorset-omens-2|0,1,654,1308,1309,1310,32768,65535|bbbfe506
colorset-omens-3|0,1,654,1308,1309,1310,32768,65535|6273cb19
colorset-omens-4|0,1,654,1308,1309,1310,32768,65535|bbbfe506
colorset-omens-5|0,15398,15399,15400,16545,17690,17691,17692,32768,65535|fc0d5a78
colorset-poair-0|0,15398,15399,15400,16545,17690,17691,17692,32768,65535|848ab37c
colorset-poair-1|0,15235,15236,15237,15890,16544,16545,16546,32768,65535|0ed98cc2
colorset-poair-2|0,15235,15236,15237,15890,16544,16545,16546,32768,65535|5dbb78a8
colorset-podisease-0|0,15398,15399,15400,16545,17690,17691,17692,32768,65535|43c8908d
colorset-podisease-1|0,15235,15236,15237,15890,16544,16545,16546,32768,65535|08d6d63e
colorset-podisease-2|0,15235,15236,15237,15890,16544,16545,16546,32768,65535|269ab48c
colorset-pofear-0|0,15398,15399,15400,16545,17690,17691,17692,32768,65535|fcfeaf9b
colorset-pofear-1|0,15235,15236,15237,15890,16544,16545,16546,32768,65535|a10ec2ec
colorset-pofire-0|0,15398,15399,15400,16545,17690,17691,17692,32768,65535|34007c15
colorset-pofire-1|0,15235,15236,15237,15890,16544,16545,16546,32768,65535|31c30080
colorset-pofire-2|0,15235,15236,15237,15890,16544,16545,16546,32768,65535|69a15206
colorset-pofire-3|0,15398,15399,15400,16545,17690,17691,17692,32768,65535|23be2089
colorset-ponightmare-0|0,15398,15399,15400,16545,17690,17691,17692,32768,65535|b6905b48
colorset-ponightmare-1|0,15398,15399,15400,16545,17690,17691,17692,32768,65535|bf940a7a
colorset-postorms-0|0,15398,15399,15400,16545,17690,17691,17692,32768,65535|a13e095f
colorset-lava|0,10484,10485,10486,11139,11793,11794,11795,15235,15236,15237,15890,16544,16545,16546,32768,45874,45875,45876,46529,47183,47184,47185,48987,48988,48989,49642,50296,50297,50298,65535|ba3d0937
colorset-postorms-1|0,15398,15399,15400,16545,17690,17691,17692,32768,65535|57ec8277
colorset-postorms-2|0,15398,15399,15400,16545,17690,17691,17692,32768,65535|66535989
colorset-darkhollow-0|0,15398,15399,15400,16545,17690,17691,17692,32768,65535|128a5423
colorset-illsalin-0|0,15398,15399,15400,16545,17690,17691,17692,32768,65535|687bdfec
colorset-creep-0|0,15399,15400,15401,16546,17692,17693,17694,32768,65535|6bd72c0d
colorset-nektulos-0|0,15399,15400,15401,16546,17692,17693,17694,32768,65535|7deb8dc0
colorset-planeofmagic|0,1539,1540,1541,2031,2522,2523,2524,32768,65535|20542e62
colorset-kattacastrum|0,15398,15399,15400,16545,17690,17691,17692,32768,65535|a88eaa48
colorset-grelleth-0|0,15398,15399,15400,16545,17690,17691,17692,32768,65535|43c8908d
colorset-eviltree-0|0,15398,15399,15400,16545,17690,17691,17692,32768,65535|a13e095f
colorset-xorbb-0|0,15399,15400,15401,16546,17692,17693,17694,32768,65535|7deb8dc0
colorset-scarlet|0,15398,15399,15400,16545,17690,17691,17692,32768,65535|4a42736a
colorset-scarletcloud|0,15399,15400,15401,16546,17692,17693,17694,32768,65535|69322f6b
colorset-devastation-0|0,15398,15399,15400,16545,17690,17691,17692,32768,65535|7a899de6
colorset-brightovercast|0,15235,15236,15237,15890,16544,16545,16546,18349,18350,18351,19004,19658,19659,19660,32768,45874,45875,45876,46529,47183,47184,47185,48987,48988,48989,49642,50296,50297,50298,65535|30478737
colorset-brightovercast1|0,15235,15236,15237,15890,16544,16545,16546,18349,18350,18351,19004,19658,19659,19660,32768,45874,45875,45876,46529,47183,47184,47185,48987,48988,48989,49642,50296,50297,50298,65535|078d541a
colorset-brightovercastcloud|0,15235,15236,15237,15890,16544,16545,16546,18349,18350,18351,19004,19658,19659,19660,32768,45874,45875,45876,46529,47183,47184,47185,48987,48988,48989,49642,50296,50297,50298,65535|f24ff971
colorset-solteris|0,15398,15399,15400,16545,17690,17691,17692,32768,65535|456628a5
colorset-corruption|0,15235,15236,15237,15890,16544,16545,16546,18349,18350,18351,19004,19658,19659,19660,32768,45874,45875,45876,46529,47183,47184,47185,48987,48988,48989,49642,50296,50297,50298,65535|3695a85b
colorset-corruptionrain|0,15235,15236,15237,15890,16544,16545,16546,18349,18350,18351,19004,19658,19659,19660,32768,45874,45875,45876,46529,47183,47184,47185,48987,48988,48989,49642,50296,50297,50298,65535|23a4032d
colorset-eviltown|0,15398,15399,15400,16545,17690,17691,17692,32768,65535|2e860e66
